-0.10220 0.15540 0.00000
-0.09580 0.15540 0.00000
-0.08940 0.15540 0.00000
-0.08300 0.15550 0.00000
-0.07660 0.15550 0.00000
-0.07010 0.15550 0.00000
-0.06370 0.15550 0.00000
-0.05730 0.15550 0.00000
-0.04910 0.15560 0.00000
-0.04270 0.15560 0.00000
-0.03630 0.15560 0.00000
-0.02980 0.15560 0.00000
-0.02340 0.15560 0.00000
-0.01700 0.15560 0.00000
-0.01050 0.15560 0.00000
-0.00410 0.15560 0.00000
0.00410 0.15560 0.00000
0.01050 0.15560 0.00000
0.01700 0.15560 0.00000
0.02340 0.15560 0.00000
0.02980 0.15560 0.00000
0.03630 0.15560 0.00000
0.04270 0.15560 0.00000
0.04910 0.15560 0.00000
0.05730 0.15550 0.00000
0.06370 0.15550 0.00000
0.07010 0.15550 0.00000
0.07660 0.15550 0.00000
0.08300 0.15550 0.00000
0.08940 0.15540 0.00000
0.09580 0.15540 0.00000
0.10220 0.15540 0.00000
-0.10230 0.14900 0.00000
-0.09580 0.14900 0.00000
-0.08940 0.14900 0.00000
-0.08300 0.14910 0.00000
-0.07660 0.14910 0.00000
-0.07020 0.14910 0.00000
-0.06370 0.14910 0.00000
-0.05730 0.14910 0.00000
-0.04910 0.14920 0.00000
-0.04270 0.14920 0.00000
-0.03630 0.14920 0.00000
-0.02980 0.14920 0.00000
-0.02340 0.14920 0.00000
-0.01700 0.14920 0.00000
-0.01050 0.14920 0.00000
-0.00410 0.14920 0.00000
0.00410 0.14920 0.00000
0.01050 0.14920 0.00000
0.01700 0.14920 0.00000
0.02340 0.14920 0.00000
0.02980 0.14920 0.00000
0.03630 0.14920 0.00000
0.04270 0.14920 0.00000
0.04910 0.14920 0.00000
0.05730 0.14910 0.00000
0.06370 0.14910 0.00000
0.07020 0.14910 0.00000
0.07660 0.14910 0.00000
0.08300 0.14910 0.00000
0.08940 0.14900 0.00000
0.09580 0.14900 0.00000
0.10230 0.14900 0.00000
-0.10230 0.14260 0.00000
-0.09590 0.14260 0.00000
-0.08940 0.14260 0.00000
-0.08300 0.14270 0.00000
-0.07660 0.14270 0.00000
-0.07020 0.14270 0.00000
-0.06380 0.14270 0.00000
-0.05730 0.14270 0.00000
-0.04920 0.14280 0.00000
-0.04270 0.14280 0.00000
-0.03630 0.14280 0.00000
-0.02980 0.14280 0.00000
-0.02340 0.14280 0.00000
-0.01700 0.14280 0.00000
-0.01050 0.14280 0.00000
-0.00410 0.14280 0.00000
0.00410 0.14280 0.00000
0.01050 0.14280 0.00000
0.01700 0.14280 0.00000
0.02340 0.14280 0.00000
0.02980 0.14280 0.00000
0.03630 0.14280 0.00000
0.04270 0.14280 0.00000
0.04920 0.14280 0.00000
0.05730 0.14270 0.00000
0.06380 0.14270 0.00000
0.07020 0.14270 0.00000
0.07660 0.14270 0.00000
0.08300 0.14270 0.00000
0.08940 0.14260 0.00000
0.09590 0.14260 0.00000
0.10230 0.14260 0.00000
-0.10230 0.13620 0.00000
-0.09590 0.13620 0.00000
-0.08950 0.13620 0.00000
-0.08300 0.13630 0.00000
-0.07660 0.13630 0.00000
-0.07020 0.13630 0.00000
-0.06380 0.13630 0.00000
-0.05740 0.13640 0.00000
-0.04920 0.13640 0.00000
-0.04270 0.13640 0.00000
-0.03630 0.13640 0.00000
-0.02990 0.13640 0.00000
-0.02340 0.13640 0.00000
-0.01700 0.13640 0.00000
-0.01050 0.13640 0.00000
-0.00410 0.13640 0.00000
0.00410 0.13640 0.00000
0.01050 0.13640 0.00000
0.01700 0.13640 0.00000
0.02340 0.13640 0.00000
0.02990 0.13640 0.00000
0.03630 0.13640 0.00000
0.04270 0.13640 0.00000
0.04920 0.13640 0.00000
0.05740 0.13640 0.00000
0.06380 0.13630 0.00000
0.07020 0.13630 0.00000
0.07660 0.13630 0.00000
0.08300 0.13630 0.00000
0.08950 0.13620 0.00000
0.09590 0.13620 0.00000
0.10230 0.13620 0.00000
-0.10230 0.12980 0.00000
-0.09590 0.12980 0.00000
-0.08950 0.12990 0.00000
-0.08310 0.12990 0.00000
-0.07670 0.12990 0.00000
-0.07020 0.12990 0.00000
-0.06380 0.12990 0.00000
-0.05740 0.13000 0.00000
-0.04920 0.13000 0.00000
-0.04270 0.13000 0.00000
-0.03630 0.13000 0.00000
-0.02990 0.13000 0.00000
-0.02340 0.13000 0.00000
-0.01700 0.13000 0.00000
-0.01050 0.13000 0.00000
-0.00410 0.13000 0.00000
0.00410 0.13000 0.00000
0.01050 0.13000 0.00000
0.01700 0.13000 0.00000
0.02340 0.13000 0.00000
0.02990 0.13000 0.00000
0.03630 0.13000 0.00000
0.04270 0.13000 0.00000
0.04920 0.13000 0.00000
0.05740 0.13000 0.00000
0.06380 0.12990 0.00000
0.07020 0.12990 0.00000
0.07670 0.12990 0.00000
0.08310 0.12990 0.00000
0.08950 0.12990 0.00000
0.09590 0.12980 0.00000
0.10230 0.12980 0.00000
-0.10230 0.12340 0.00000
-0.09590 0.12340 0.00000
-0.08950 0.12350 0.00000
-0.08310 0.12350 0.00000
-0.07670 0.12350 0.00000
-0.07030 0.12350 0.00000
-0.06380 0.12350 0.00000
-0.05740 0.12360 0.00000
-0.04920 0.12360 0.00000
-0.04280 0.12360 0.00000
-0.03630 0.12360 0.00000
-0.02990 0.12360 0.00000
-0.02340 0.12360 0.00000
-0.01700 0.12360 0.00000
-0.01050 0.12360 0.00000
-0.00410 0.12360 0.00000
0.00410 0.12360 0.00000
0.01050 0.12360 0.00000
0.01700 0.12360 0.00000
0.02340 0.12360 0.00000
0.02990 0.12360 0.00000
0.03630 0.12360 0.00000
0.04280 0.12360 0.00000
0.04920 0.12360 0.00000
0.05740 0.12360 0.00000
0.06380 0.12350 0.00000
0.07030 0.12350 0.00000
0.07670 0.12350 0.00000
0.08310 0.12350 0.00000
0.08950 0.12350 0.00000
0.09590 0.12340 0.00000
0.10230 0.12340 0.00000
-0.10240 0.11700 0.00000
-0.09600 0.11700 0.00000
-0.08950 0.11710 0.00000
-0.08310 0.11710 0.00000
-0.07670 0.11710 0.00000
-0.07030 0.11710 0.00000
-0.06380 0.11720 0.00000
-0.05740 0.11720 0.00000
-0.04920 0.11720 0.00000
-0.04280 0.11720 0.00000
-0.03630 0.11720 0.00000
-0.02990 0.11720 0.00000
-0.02340 0.11720 0.00000
-0.01700 0.11720 0.00000
-0.01060 0.11720 0.00000
-0.00410 0.11720 0.00000
0.00410 0.11720 0.00000
0.01060 0.11720 0.00000
0.01700 0.11720 0.00000
0.02340 0.11720 0.00000
0.02990 0.11720 0.00000
0.03630 0.11720 0.00000
0.04280 0.11720 0.00000
0.04920 0.11720 0.00000
0.05740 0.11720 0.00000
0.06380 0.11720 0.00000
0.07030 0.11710 0.00000
0.07670 0.11710 0.00000
0.08310 0.11710 0.00000
0.08950 0.11710 0.00000
0.09600 0.11700 0.00000
0.10240 0.11700 0.00000
-0.10240 0.11060 0.00000
-0.09600 0.11060 0.00000
-0.08960 0.11060 0.00000
-0.08310 0.11070 0.00000
-0.07670 0.11070 0.00000
-0.07030 0.11070 0.00000
-0.06390 0.11080 0.00000
-0.05740 0.11080 0.00000
-0.04920 0.11080 0.00000
-0.04280 0.11080 0.00000
-0.03630 0.11080 0.00000
-0.02990 0.11080 0.00000
-0.02350 0.11080 0.00000
-0.01700 0.11080 0.00000
-0.01060 0.11080 0.00000
-0.00410 0.11080 0.00000
0.00410 0.11080 0.00000
0.01060 0.11080 0.00000
0.01700 0.11080 0.00000
0.02350 0.11080 0.00000
0.02990 0.11080 0.00000
0.03630 0.11080 0.00000
0.04280 0.11080 0.00000
0.04920 0.11080 0.00000
0.05740 0.11080 0.00000
0.06390 0.11080 0.00000
0.07030 0.11070 0.00000
0.07670 0.11070 0.00000
0.08310 0.11070 0.00000
0.08960 0.11060 0.00000
0.09600 0.11060 0.00000
0.10240 0.11060 0.00000
-0.15540 0.10220 0.00000
-0.14900 0.10230 0.00000
-0.14260 0.10230 0.00000
-0.13620 0.10230 0.00000
-0.12980 0.10230 0.00000
-0.12340 0.10230 0.00000
-0.11700 0.10240 0.00000
-0.11060 0.10240 0.00000
-0.10250 0.10250 0.00000
-0.09600 0.10250 0.00000
-0.08960 0.10250 0.00000
-0.08320 0.10250 0.00000
-0.07670 0.10250 0.00000
-0.07030 0.10250 0.00000
-0.06390 0.10250 0.00000
-0.05740 0.10250 0.00000
-0.04920 0.10260 0.00000
-0.04280 0.10260 0.00000
-0.03640 0.10260 0.00000
-0.02990 0.10260 0.00000
-0.02350 0.10260 0.00000
-0.01700 0.10260 0.00000
-0.01060 0.10260 0.00000
-0.00410 0.10260 0.00000
0.00410 0.10260 0.00000
0.01060 0.10260 0.00000
0.01700 0.10260 0.00000
0.02350 0.10260 0.00000
0.02990 0.10260 0.00000
0.03640 0.10260 0.00000
0.04280 0.10260 0.00000
0.04920 0.10260 0.00000
0.05740 0.10250 0.00000
0.06390 0.10250 0.00000
0.07030 0.10250 0.00000
0.07670 0.10250 0.00000
0.08320 0.10250 0.00000
0.08960 0.10250 0.00000
0.09600 0.10250 0.00000
0.10250 0.10250 0.00000
0.11060 0.10240 0.00000
0.11700 0.10240 0.00000
0.12340 0.10230 0.00000
0.12980 0.10230 0.00000
0.13620 0.10230 0.00000
0.14260 0.10230 0.00000
0.14900 0.10230 0.00000
0.15540 0.10220 0.00000
-0.15540 0.09580 0.00000
-0.14900 0.09580 0.00000
-0.14260 0.09590 0.00000
-0.13620 0.09590 0.00000
-0.12980 0.09590 0.00000
-0.12340 0.09590 0.00000
-0.11700 0.09600 0.00000
-0.11060 0.09600 0.00000
-0.10250 0.09600 0.00000
-0.09610 0.09610 0.00000
-0.08960 0.09610 0.00000
-0.08320 0.09610 0.00000
-0.07680 0.09610 0.00000
-0.07030 0.09610 0.00000
-0.06390 0.09610 0.00000
-0.05740 0.09610 0.00000
-0.04930 0.09620 0.00000
-0.04280 0.09620 0.00000
-0.03640 0.09620 0.00000
-0.02990 0.09620 0.00000
-0.02350 0.09620 0.00000
-0.01700 0.09620 0.00000
-0.01060 0.09620 0.00000
-0.00410 0.09620 0.00000
0.00410 0.09620 0.00000
0.01060 0.09620 0.00000
0.01700 0.09620 0.00000
0.02350 0.09620 0.00000
0.02990 0.09620 0.00000
0.03640 0.09620 0.00000
0.04280 0.09620 0.00000
0.04930 0.09620 0.00000
0.05740 0.09610 0.00000
0.06390 0.09610 0.00000
0.07030 0.09610 0.00000
0.07680 0.09610 0.00000
0.08320 0.09610 0.00000
0.08960 0.09610 0.00000
0.09610 0.09610 0.00000
0.10250 0.09600 0.00000
0.11060 0.09600 0.00000
0.11700 0.09600 0.00000
0.12340 0.09590 0.00000
0.12980 0.09590 0.00000
0.13620 0.09590 0.00000
0.14260 0.09590 0.00000
0.14900 0.09580 0.00000
0.15540 0.09580 0.00000
-0.15540 0.08940 0.00000
-0.14900 0.08940 0.00000
-0.14260 0.08940 0.00000
-0.13620 0.08950 0.00000
-0.12990 0.08950 0.00000
-0.12350 0.08950 0.00000
-0.11710 0.08950 0.00000
-0.11060 0.08960 0.00000
-0.10250 0.08960 0.00000
-0.09610 0.08960 0.00000
-0.08960 0.08960 0.00000
-0.08320 0.08960 0.00000
-0.07680 0.08970 0.00000
-0.07030 0.08970 0.00000
-0.06390 0.08970 0.00000
-0.05750 0.08970 0.00000
-0.04930 0.08970 0.00000
-0.04280 0.08970 0.00000
-0.03640 0.08970 0.00000
-0.02990 0.08970 0.00000
-0.02350 0.08970 0.00000
-0.01700 0.08970 0.00000
-0.01060 0.08970 0.00000
-0.00410 0.08970 0.00000
0.00410 0.08970 0.00000
0.01060 0.08970 0.00000
0.01700 0.08970 0.00000
0.02350 0.08970 0.00000
0.02990 0.08970 0.00000
0.03640 0.08970 0.00000
0.04280 0.08970 0.00000
0.04930 0.08970 0.00000
0.05750 0.08970 0.00000
0.06390 0.08970 0.00000
0.07030 0.08970 0.00000
0.07680 0.08970 0.00000
0.08320 0.08960 0.00000
0.08960 0.08960 0.00000
0.09610 0.08960 0.00000
0.10250 0.08960 0.00000
0.11060 0.08960 0.00000
0.11710 0.08950 0.00000
0.12350 0.08950 0.00000
0.12990 0.08950 0.00000
0.13620 0.08950 0.00000
0.14260 0.08940 0.00000
0.14900 0.08940 0.00000
0.15540 0.08940 0.00000
-0.15550 0.08300 0.00000
-0.14910 0.08300 0.00000
-0.14270 0.08300 0.00000
-0.13630 0.08300 0.00000
-0.12990 0.08310 0.00000
-0.12350 0.08310 0.00000
-0.11710 0.08310 0.00000
-0.11070 0.08310 0.00000
-0.10250 0.08320 0.00000
-0.09610 0.08320 0.00000
-0.08960 0.08320 0.00000
-0.08320 0.08320 0.00000
-0.07680 0.08320 0.00000
-0.07030 0.08320 0.00000
-0.06390 0.08330 0.00000
-0.05750 0.08330 0.00000
-0.04930 0.08330 0.00000
-0.04280 0.08330 0.00000
-0.03640 0.08330 0.00000
-0.02990 0.08330 0.00000
-0.02350 0.08330 0.00000
-0.01700 0.08330 0.00000
-0.01060 0.08330 0.00000
-0.00410 0.08330 0.00000
0.00410 0.08330 0.00000
0.01060 0.08330 0.00000
0.01700 0.08330 0.00000
0.02350 0.08330 0.00000
0.02990 0.08330 0.00000
0.03640 0.08330 0.00000
0.04280 0.08330 0.00000
0.04930 0.08330 0.00000
0.05750 0.08330 0.00000
0.06390 0.08330 0.00000
0.07030 0.08320 0.00000
0.07680 0.08320 0.00000
0.08320 0.08320 0.00000
0.08960 0.08320 0.00000
0.09610 0.08320 0.00000
0.10250 0.08320 0.00000
0.11070 0.08310 0.00000
0.11710 0.08310 0.00000
0.12350 0.08310 0.00000
0.12990 0.08310 0.00000
0.13630 0.08300 0.00000
0.14270 0.08300 0.00000
0.14910 0.08300 0.00000
0.15550 0.08300 0.00000
-0.15550 0.07660 0.00000
-0.14910 0.07660 0.00000
-0.14270 0.07660 0.00000
-0.13630 0.07660 0.00000
-0.12990 0.07670 0.00000
-0.12350 0.07670 0.00000
-0.11710 0.07670 0.00000
-0.11070 0.07670 0.00000
-0.10250 0.07670 0.00000
-0.09610 0.07680 0.00000
-0.08970 0.07680 0.00000
-0.08320 0.07680 0.00000
-0.07680 0.07680 0.00000
-0.07040 0.07680 0.00000
-0.06390 0.07680 0.00000
-0.05750 0.07680 0.00000
-0.04930 0.07680 0.00000
-0.04280 0.07680 0.00000
-0.03640 0.07690 0.00000
-0.02990 0.07690 0.00000
-0.02350 0.07690 0.00000
-0.01700 0.07690 0.00000
-0.01060 0.07690 0.00000
-0.00410 0.07690 0.00000
0.00410 0.07690 0.00000
0.01060 0.07690 0.00000
0.01700 0.07690 0.00000
0.02350 0.07690 0.00000
0.02990 0.07690 0.00000
0.03640 0.07690 0.00000
0.04280 0.07680 0.00000
0.04930 0.07680 0.00000
0.05750 0.07680 0.00000
0.06390 0.07680 0.00000
0.07040 0.07680 0.00000
0.07680 0.07680 0.00000
0.08320 0.07680 0.00000
0.08970 0.07680 0.00000
0.09610 0.07680 0.00000
0.10250 0.07670 0.00000
0.11070 0.07670 0.00000
0.11710 0.07670 0.00000
0.12350 0.07670 0.00000
0.12990 0.07670 0.00000
0.13630 0.07660 0.00000
0.14270 0.07660 0.00000
0.14910 0.07660 0.00000
0.15550 0.07660 0.00000
-0.15550 0.07010 0.00000
-0.14910 0.07020 0.00000
-0.14270 0.07020 0.00000
-0.13630 0.07020 0.00000
-0.12990 0.07020 0.00000
-0.12350 0.07030 0.00000
-0.11710 0.07030 0.00000
-0.11070 0.07030 0.00000
-0.10250 0.07030 0.00000
-0.09610 0.07030 0.00000
-0.08970 0.07030 0.00000
-0.08320 0.07030 0.00000
-0.07680 0.07040 0.00000
-0.07040 0.07040 0.00000
-0.06390 0.07040 0.00000
-0.05750 0.07040 0.00000
-0.04930 0.07040 0.00000
-0.04280 0.07040 0.00000
-0.03640 0.07040 0.00000
-0.02990 0.07040 0.00000
-0.02350 0.07040 0.00000
-0.01700 0.07040 0.00000
-0.01060 0.07040 0.00000
-0.00410 0.07040 0.00000
0.00410 0.07040 0.00000
0.01060 0.07040 0.00000
0.01700 0.07040 0.00000
0.02350 0.07040 0.00000
0.02990 0.07040 0.00000
0.03640 0.07040 0.00000
0.04280 0.07040 0.00000
0.04930 0.07040 0.00000
0.05750 0.07040 0.00000
0.06390 0.07040 0.00000
0.07040 0.07040 0.00000
0.07680 0.07040 0.00000
0.08320 0.07030 0.00000
0.08970 0.07030 0.00000
0.09610 0.07030 0.00000
0.10250 0.07030 0.00000
0.11070 0.07030 0.00000
0.11710 0.07030 0.00000
0.12350 0.07030 0.00000
0.12990 0.07020 0.00000
0.13630 0.07020 0.00000
0.14270 0.07020 0.00000
0.14910 0.07020 0.00000
0.15550 0.07010 0.00000
-0.15550 0.06370 0.00000
-0.14910 0.06370 0.00000
-0.14270 0.06380 0.00000
-0.13630 0.06380 0.00000
-0.12990 0.06380 0.00000
-0.12350 0.06380 0.00000
-0.11720 0.06380 0.00000
-0.11080 0.06390 0.00000
-0.10250 0.06390 0.00000
-0.09610 0.06390 0.00000
-0.08970 0.06390 0.00000
-0.08330 0.06390 0.00000
-0.07680 0.06390 0.00000
-0.07040 0.06390 0.00000
-0.06400 0.06400 0.00000
-0.05750 0.06400 0.00000
-0.04930 0.06400 0.00000
-0.04280 0.06400 0.00000
-0.03640 0.06400 0.00000
-0.02990 0.06400 0.00000
-0.02350 0.06400 0.00000
-0.01700 0.06400 0.00000
-0.01060 0.06400 0.00000
-0.00410 0.06400 0.00000
0.00410 0.06400 0.00000
0.01060 0.06400 0.00000
0.01700 0.06400 0.00000
0.02350 0.06400 0.00000
0.02990 0.06400 0.00000
0.03640 0.06400 0.00000
0.04280 0.06400 0.00000
0.04930 0.06400 0.00000
0.05750 0.06400 0.00000
0.06400 0.06400 0.00000
0.07040 0.06390 0.00000
0.07680 0.06390 0.00000
0.08330 0.06390 0.00000
0.08970 0.06390 0.00000
0.09610 0.06390 0.00000
0.10250 0.06390 0.00000
0.11080 0.06390 0.00000
0.11720 0.06380 0.00000
0.12350 0.06380 0.00000
0.12990 0.06380 0.00000
0.13630 0.06380 0.00000
0.14270 0.06380 0.00000
0.14910 0.06370 0.00000
0.15550 0.06370 0.00000
-0.15550 0.05730 0.00000
-0.14910 0.05730 0.00000
-0.14270 0.05730 0.00000
-0.13640 0.05740 0.00000
-0.13000 0.05740 0.00000
-0.12360 0.05740 0.00000
-0.11720 0.05740 0.00000
-0.11080 0.05740 0.00000
-0.10250 0.05740 0.00000
-0.09610 0.05740 0.00000
-0.08970 0.05750 0.00000
-0.08330 0.05750 0.00000
-0.07680 0.05750 0.00000
-0.07040 0.05750 0.00000
-0.06400 0.05750 0.00000
-0.05750 0.05750 0.00000
-0.04930 0.05750 0.00000
-0.04280 0.05750 0.00000
-0.03640 0.05750 0.00000
-0.02990 0.05750 0.00000
-0.02350 0.05750 0.00000
-0.01700 0.05750 0.00000
-0.01060 0.05760 0.00000
-0.00410 0.05760 0.00000
0.00410 0.05760 0.00000
0.01060 0.05760 0.00000
0.01700 0.05750 0.00000
0.02350 0.05750 0.00000
0.02990 0.05750 0.00000
0.03640 0.05750 0.00000
0.04280 0.05750 0.00000
0.04930 0.05750 0.00000
0.05750 0.05750 0.00000
0.06400 0.05750 0.00000
0.07040 0.05750 0.00000
0.07680 0.05750 0.00000
0.08330 0.05750 0.00000
0.08970 0.05750 0.00000
0.09610 0.05740 0.00000
0.10250 0.05740 0.00000
0.11080 0.05740 0.00000
0.11720 0.05740 0.00000
0.12360 0.05740 0.00000
0.13000 0.05740 0.00000
0.13640 0.05740 0.00000
0.14270 0.05730 0.00000
0.14910 0.05730 0.00000
0.15550 0.05730 0.00000
-0.15560 0.04910 0.00000
-0.14920 0.04910 0.00000
-0.14280 0.04920 0.00000
-0.13640 0.04920 0.00000
-0.13000 0.04920 0.00000
-0.12360 0.04920 0.00000
-0.11720 0.04920 0.00000
-0.11080 0.04920 0.00000
-0.10260 0.04920 0.00000
-0.09620 0.04930 0.00000
-0.08970 0.04930 0.00000
-0.08330 0.04930 0.00000
-0.07680 0.04930 0.00000
-0.07040 0.04930 0.00000
-0.06400 0.04930 0.00000
-0.05750 0.04930 0.00000
-0.04930 0.04930 0.00000
-0.04290 0.04930 0.00000
-0.03640 0.04930 0.00000
-0.02990 0.04930 0.00000
-0.02350 0.04930 0.00000
-0.01700 0.04930 0.00000
-0.01060 0.04930 0.00000
-0.00410 0.04930 0.00000
0.00410 0.04930 0.00000
0.01060 0.04930 0.00000
0.01700 0.04930 0.00000
0.02350 0.04930 0.00000
0.02990 0.04930 0.00000
0.03640 0.04930 0.00000
0.04290 0.04930 0.00000
0.04930 0.04930 0.00000
0.05750 0.04930 0.00000
0.06400 0.04930 0.00000
0.07040 0.04930 0.00000
0.07680 0.04930 0.00000
0.08330 0.04930 0.00000
0.08970 0.04930 0.00000
0.09620 0.04930 0.00000
0.10260 0.04920 0.00000
0.11080 0.04920 0.00000
0.11720 0.04920 0.00000
0.12360 0.04920 0.00000
0.13000 0.04920 0.00000
0.13640 0.04920 0.00000
0.14280 0.04920 0.00000
0.14920 0.04910 0.00000
0.15560 0.04910 0.00000
-0.15560 0.04270 0.00000
-0.14920 0.04270 0.00000
-0.14280 0.04270 0.00000
-0.13640 0.04270 0.00000
-0.13000 0.04270 0.00000
-0.12360 0.04280 0.00000
-0.11720 0.04280 0.00000
-0.11080 0.04280 0.00000
-0.10260 0.04280 0.00000
-0.09620 0.04280 0.00000
-0.08970 0.04280 0.00000
-0.08330 0.04280 0.00000
-0.07680 0.04280 0.00000
-0.07040 0.04280 0.00000
-0.06400 0.04280 0.00000
-0.05750 0.04280 0.00000
-0.04930 0.04290 0.00000
-0.04290 0.04290 0.00000
-0.03640 0.04290 0.00000
-0.02990 0.04290 0.00000
-0.02350 0.04290 0.00000
-0.01700 0.04290 0.00000
-0.01060 0.04290 0.00000
-0.00410 0.04290 0.00000
0.00410 0.04290 0.00000
0.01060 0.04290 0.00000
0.01700 0.04290 0.00000
0.02350 0.04290 0.00000
0.02990 0.04290 0.00000
0.03640 0.04290 0.00000
0.04290 0.04290 0.00000
0.04930 0.04290 0.00000
0.05750 0.04280 0.00000
0.06400 0.04280 0.00000
0.07040 0.04280 0.00000
0.07680 0.04280 0.00000
0.08330 0.04280 0.00000
0.08970 0.04280 0.00000
0.09620 0.04280 0.00000
0.10260 0.04280 0.00000
0.11080 0.04280 0.00000
0.11720 0.04280 0.00000
0.12360 0.04280 0.00000
0.13000 0.04270 0.00000
0.13640 0.04270 0.00000
0.14280 0.04270 0.00000
0.14920 0.04270 0.00000
0.15560 0.04270 0.00000
-0.15560 0.03630 0.00000
-0.14920 0.03630 0.00000
-0.14280 0.03630 0.00000
-0.13640 0.03630 0.00000
-0.13000 0.03630 0.00000
-0.12360 0.03630 0.00000
-0.11720 0.03630 0.00000
-0.11080 0.03630 0.00000
-0.10260 0.03640 0.00000
-0.09620 0.03640 0.00000
-0.08970 0.03640 0.00000
-0.08330 0.03640 0.00000
-0.07690 0.03640 0.00000
-0.07040 0.03640 0.00000
-0.06400 0.03640 0.00000
-0.05750 0.03640 0.00000
-0.04930 0.03640 0.00000
-0.04290 0.03640 0.00000
-0.03640 0.03640 0.00000
-0.02990 0.03640 0.00000
-0.02350 0.03640 0.00000
-0.01700 0.03640 0.00000
-0.01060 0.03640 0.00000
-0.00410 0.03640 0.00000
0.00410 0.03640 0.00000
0.01060 0.03640 0.00000
0.01700 0.03640 0.00000
0.02350 0.03640 0.00000
0.02990 0.03640 0.00000
0.03640 0.03640 0.00000
0.04290 0.03640 0.00000
0.04930 0.03640 0.00000
0.05750 0.03640 0.00000
0.06400 0.03640 0.00000
0.07040 0.03640 0.00000
0.07690 0.03640 0.00000
0.08330 0.03640 0.00000
0.08970 0.03640 0.00000
0.09620 0.03640 0.00000
0.10260 0.03640 0.00000
0.11080 0.03630 0.00000
0.11720 0.03630 0.00000
0.12360 0.03630 0.00000
0.13000 0.03630 0.00000
0.13640 0.03630 0.00000
0.14280 0.03630 0.00000
0.14920 0.03630 0.00000
0.15560 0.03630 0.00000
-0.15560 0.02980 0.00000
-0.14920 0.02980 0.00000
-0.14280 0.02980 0.00000
-0.13640 0.02990 0.00000
-0.13000 0.02990 0.00000
-0.12360 0.02990 0.00000
-0.11720 0.02990 0.00000
-0.11080 0.02990 0.00000
-0.10260 0.02990 0.00000
-0.09620 0.02990 0.00000
-0.08970 0.02990 0.00000
-0.08330 0.02990 0.00000
-0.07690 0.02990 0.00000
-0.07040 0.02990 0.00000
-0.06400 0.02990 0.00000
-0.05750 0.02990 0.00000
-0.04930 0.02990 0.00000
-0.04290 0.02990 0.00000
-0.03640 0.02990 0.00000
-0.02990 0.02990 0.00000
-0.02350 0.02990 0.00000
-0.01700 0.02990 0.00000
-0.01060 0.03000 0.00000
-0.00410 0.03000 0.00000
0.00410 0.03000 0.00000
0.01060 0.03000 0.00000
0.01700 0.02990 0.00000
0.02350 0.02990 0.00000
0.02990 0.02990 0.00000
0.03640 0.02990 0.00000
0.04290 0.02990 0.00000
0.04930 0.02990 0.00000
0.05750 0.02990 0.00000
0.06400 0.02990 0.00000
0.07040 0.02990 0.00000
0.07690 0.02990 0.00000
0.08330 0.02990 0.00000
0.08970 0.02990 0.00000
0.09620 0.02990 0.00000
0.10260 0.02990 0.00000
0.11080 0.02990 0.00000
0.11720 0.02990 0.00000
0.12360 0.02990 0.00000
0.13000 0.02990 0.00000
0.13640 0.02990 0.00000
0.14280 0.02980 0.00000
0.14920 0.02980 0.00000
0.15560 0.02980 0.00000
-0.15560 0.02340 0.00000
-0.14920 0.02340 0.00000
-0.14280 0.02340 0.00000
-0.13640 0.02340 0.00000
-0.13000 0.02340 0.00000
-0.12360 0.02340 0.00000
-0.11720 0.02340 0.00000
-0.11080 0.02350 0.00000
-0.10260 0.02350 0.00000
-0.09620 0.02350 0.00000
-0.08970 0.02350 0.00000
-0.08330 0.02350 0.00000
-0.07690 0.02350 0.00000
-0.07040 0.02350 0.00000
-0.06400 0.02350 0.00000
-0.05750 0.02350 0.00000
-0.04930 0.02350 0.00000
-0.04290 0.02350 0.00000
-0.03640 0.02350 0.00000
-0.02990 0.02350 0.00000
-0.02350 0.02350 0.00000
-0.01700 0.02350 0.00000
-0.01060 0.02350 0.00000
-0.00410 0.02350 0.00000
0.00410 0.02350 0.00000
0.01060 0.02350 0.00000
0.01700 0.02350 0.00000
0.02350 0.02350 0.00000
0.02990 0.02350 0.00000
0.03640 0.02350 0.00000
0.04290 0.02350 0.00000
0.04930 0.02350 0.00000
0.05750 0.02350 0.00000
0.06400 0.02350 0.00000
0.07040 0.02350 0.00000
0.07690 0.02350 0.00000
0.08330 0.02350 0.00000
0.08970 0.02350 0.00000
0.09620 0.02350 0.00000
0.10260 0.02350 0.00000
0.11080 0.02350 0.00000
0.11720 0.02340 0.00000
0.12360 0.02340 0.00000
0.13000 0.02340 0.00000
0.13640 0.02340 0.00000
0.14280 0.02340 0.00000
0.14920 0.02340 0.00000
0.15560 0.02340 0.00000
-0.15560 0.01700 0.00000
-0.14920 0.01700 0.00000
-0.14280 0.01700 0.00000
-0.13640 0.01700 0.00000
-0.13000 0.01700 0.00000
-0.12360 0.01700 0.00000
-0.11720 0.01700 0.00000
-0.11080 0.01700 0.00000
-0.10260 0.01700 0.00000
-0.09620 0.01700 0.00000
-0.08970 0.01700 0.00000
-0.08330 0.01700 0.00000
-0.07690 0.01700 0.00000
-0.07040 0.01700 0.00000
-0.06400 0.01700 0.00000
-0.05750 0.01700 0.00000
-0.04930 0.01700 0.00000
-0.04290 0.01700 0.00000
-0.03640 0.01700 0.00000
-0.02990 0.01700 0.00000
-0.02350 0.01700 0.00000
-0.01700 0.01700 0.00000
-0.01060 0.01700 0.00000
-0.00410 0.01700 0.00000
0.00410 0.01700 0.00000
0.01060 0.01700 0.00000
0.01700 0.01700 0.00000
0.02350 0.01700 0.00000
0.02990 0.01700 0.00000
0.03640 0.01700 0.00000
0.04290 0.01700 0.00000
0.04930 0.01700 0.00000
0.05750 0.01700 0.00000
0.06400 0.01700 0.00000
0.07040 0.01700 0.00000
0.07690 0.01700 0.00000
0.08330 0.01700 0.00000
0.08970 0.01700 0.00000
0.09620 0.01700 0.00000
0.10260 0.01700 0.00000
0.11080 0.01700 0.00000
0.11720 0.01700 0.00000
0.12360 0.01700 0.00000
0.13000 0.01700 0.00000
0.13640 0.01700 0.00000
0.14280 0.01700 0.00000
0.14920 0.01700 0.00000
0.15560 0.01700 0.00000
-0.15560 0.01050 0.00000
-0.14920 0.01050 0.00000
-0.14280 0.01050 0.00000
-0.13640 0.01050 0.00000
-0.13000 0.01050 0.00000
-0.12360 0.01050 0.00000
-0.11720 0.01060 0.00000
-0.11080 0.01060 0.00000
-0.10260 0.01060 0.00000
-0.09620 0.01060 0.00000
-0.08970 0.01060 0.00000
-0.08330 0.01060 0.00000
-0.07690 0.01060 0.00000
-0.07040 0.01060 0.00000
-0.06400 0.01060 0.00000
-0.05760 0.01060 0.00000
-0.04930 0.01060 0.00000
-0.04290 0.01060 0.00000
-0.03640 0.01060 0.00000
-0.03000 0.01060 0.00000
-0.02350 0.01060 0.00000
-0.01700 0.01060 0.00000
-0.01060 0.01060 0.00000
-0.00410 0.01060 0.00000
0.00410 0.01060 0.00000
0.01060 0.01060 0.00000
0.01700 0.01060 0.00000
0.02350 0.01060 0.00000
0.03000 0.01060 0.00000
0.03640 0.01060 0.00000
0.04290 0.01060 0.00000
0.04930 0.01060 0.00000
0.05760 0.01060 0.00000
0.06400 0.01060 0.00000
0.07040 0.01060 0.00000
0.07690 0.01060 0.00000
0.08330 0.01060 0.00000
0.08970 0.01060 0.00000
0.09620 0.01060 0.00000
0.10260 0.01060 0.00000
0.11080 0.01060 0.00000
0.11720 0.01060 0.00000
0.12360 0.01050 0.00000
0.13000 0.01050 0.00000
0.13640 0.01050 0.00000
0.14280 0.01050 0.00000
0.14920 0.01050 0.00000
0.15560 0.01050 0.00000
-0.15560 0.00410 0.00000
-0.14920 0.00410 0.00000
-0.14280 0.00410 0.00000
-0.13640 0.00410 0.00000
-0.13000 0.00410 0.00000
-0.12360 0.00410 0.00000
-0.11720 0.00410 0.00000
-0.11080 0.00410 0.00000
-0.10260 0.00410 0.00000
-0.09620 0.00410 0.00000
-0.08970 0.00410 0.00000
-0.08330 0.00410 0.00000
-0.07690 0.00410 0.00000
-0.07040 0.00410 0.00000
-0.06400 0.00410 0.00000
-0.05760 0.00410 0.00000
-0.04930 0.00410 0.00000
-0.04290 0.00410 0.00000
-0.03640 0.00410 0.00000
-0.03000 0.00410 0.00000
-0.02350 0.00410 0.00000
-0.01700 0.00410 0.00000
-0.01060 0.00410 0.00000
-0.00410 0.00410 0.00000
0.00410 0.00410 0.00000
0.01060 0.00410 0.00000
0.01700 0.00410 0.00000
0.02350 0.00410 0.00000
0.03000 0.00410 0.00000
0.03640 0.00410 0.00000
0.04290 0.00410 0.00000
0.04930 0.00410 0.00000
0.05760 0.00410 0.00000
0.06400 0.00410 0.00000
0.07040 0.00410 0.00000
0.07690 0.00410 0.00000
0.08330 0.00410 0.00000
0.08970 0.00410 0.00000
0.09620 0.00410 0.00000
0.10260 0.00410 0.00000
0.11080 0.00410 0.00000
0.11720 0.00410 0.00000
0.12360 0.00410 0.00000
0.13000 0.00410 0.00000
0.13640 0.00410 0.00000
0.14280 0.00410 0.00000
0.14920 0.00410 0.00000
0.15560 0.00410 0.00000
-0.15560 -0.00410 0.00000
-0.14920 -0.00410 0.00000
-0.14280 -0.00410 0.00000
-0.13640 -0.00410 0.00000
-0.13000 -0.00410 0.00000
-0.12360 -0.00410 0.00000
-0.11720 -0.00410 0.00000
-0.11080 -0.00410 0.00000
-0.10260 -0.00410 0.00000
-0.09620 -0.00410 0.00000
-0.08970 -0.00410 0.00000
-0.08330 -0.00410 0.00000
-0.07690 -0.00410 0.00000
-0.07040 -0.00410 0.00000
-0.06400 -0.00410 0.00000
-0.05760 -0.00410 0.00000
-0.04930 -0.00410 0.00000
-0.04290 -0.00410 0.00000
-0.03640 -0.00410 0.00000
-0.03000 -0.00410 0.00000
-0.02350 -0.00410 0.00000
-0.01700 -0.00410 0.00000
-0.01060 -0.00410 0.00000
-0.00410 -0.00410 0.00000
0.00410 -0.00410 0.00000
0.01060 -0.00410 0.00000
0.01700 -0.00410 0.00000
0.02350 -0.00410 0.00000
0.03000 -0.00410 0.00000
0.03640 -0.00410 0.00000
0.04290 -0.00410 0.00000
0.04930 -0.00410 0.00000
0.05760 -0.00410 0.00000
0.06400 -0.00410 0.00000
0.07040 -0.00410 0.00000
0.07690 -0.00410 0.00000
0.08330 -0.00410 0.00000
0.08970 -0.00410 0.00000
0.09620 -0.00410 0.00000
0.10260 -0.00410 0.00000
0.11080 -0.00410 0.00000
0.11720 -0.00410 0.00000
0.12360 -0.00410 0.00000
0.13000 -0.00410 0.00000
0.13640 -0.00410 0.00000
0.14280 -0.00410 0.00000
0.14920 -0.00410 0.00000
0.15560 -0.00410 0.00000
-0.15560 -0.01050 0.00000
-0.14920 -0.01050 0.00000
-0.14280 -0.01050 0.00000
-0.13640 -0.01050 0.00000
-0.13000 -0.01050 0.00000
-0.12360 -0.01050 0.00000
-0.11720 -0.01060 0.00000
-0.11080 -0.01060 0.00000
-0.10260 -0.01060 0.00000
-0.09620 -0.01060 0.00000
-0.08970 -0.01060 0.00000
-0.08330 -0.01060 0.00000
-0.07690 -0.01060 0.00000
-0.07040 -0.01060 0.00000
-0.06400 -0.01060 0.00000
-0.05760 -0.01060 0.00000
-0.04930 -0.01060 0.00000
-0.04290 -0.01060 0.00000
-0.03640 -0.01060 0.00000
-0.03000 -0.01060 0.00000
-0.02350 -0.01060 0.00000
-0.01700 -0.01060 0.00000
-0.01060 -0.01060 0.00000
-0.00410 -0.01060 0.00000
0.00410 -0.01060 0.00000
0.01060 -0.01060 0.00000
0.01700 -0.01060 0.00000
0.02350 -0.01060 0.00000
0.03000 -0.01060 0.00000
0.03640 -0.01060 0.00000
0.04290 -0.01060 0.00000
0.04930 -0.01060 0.00000
0.05760 -0.01060 0.00000
0.06400 -0.01060 0.00000
0.07040 -0.01060 0.00000
0.07690 -0.01060 0.00000
0.08330 -0.01060 0.00000
0.08970 -0.01060 0.00000
0.09620 -0.01060 0.00000
0.10260 -0.01060 0.00000
0.11080 -0.01060 0.00000
0.11720 -0.01060 0.00000
0.12360 -0.01050 0.00000
0.13000 -0.01050 0.00000
0.13640 -0.01050 0.00000
0.14280 -0.01050 0.00000
0.14920 -0.01050 0.00000
0.15560 -0.01050 0.00000
-0.15560 -0.01700 0.00000
-0.14920 -0.01700 0.00000
-0.14280 -0.01700 0.00000
-0.13640 -0.01700 0.00000
-0.13000 -0.01700 0.00000
-0.12360 -0.01700 0.00000
-0.11720 -0.01700 0.00000
-0.11080 -0.01700 0.00000
-0.10260 -0.01700 0.00000
-0.09620 -0.01700 0.00000
-0.08970 -0.01700 0.00000
-0.08330 -0.01700 0.00000
-0.07690 -0.01700 0.00000
-0.07040 -0.01700 0.00000
-0.06400 -0.01700 0.00000
-0.05750 -0.01700 0.00000
-0.04930 -0.01700 0.00000
-0.04290 -0.01700 0.00000
-0.03640 -0.01700 0.00000
-0.02990 -0.01700 0.00000
-0.02350 -0.01700 0.00000
-0.01700 -0.01700 0.00000
-0.01060 -0.01700 0.00000
-0.00410 -0.01700 0.00000
0.00410 -0.01700 0.00000
0.01060 -0.01700 0.00000
0.01700 -0.01700 0.00000
0.02350 -0.01700 0.00000
0.02990 -0.01700 0.00000
0.03640 -0.01700 0.00000
0.04290 -0.01700 0.00000
0.04930 -0.01700 0.00000
0.05750 -0.01700 0.00000
0.06400 -0.01700 0.00000
0.07040 -0.01700 0.00000
0.07690 -0.01700 0.00000
0.08330 -0.01700 0.00000
0.08970 -0.01700 0.00000
0.09620 -0.01700 0.00000
0.10260 -0.01700 0.00000
0.11080 -0.01700 0.00000
0.11720 -0.01700 0.00000
0.12360 -0.01700 0.00000
0.13000 -0.01700 0.00000
0.13640 -0.01700 0.00000
0.14280 -0.01700 0.00000
0.14920 -0.01700 0.00000
0.15560 -0.01700 0.00000
-0.15560 -0.02340 0.00000
-0.14920 -0.02340 0.00000
-0.14280 -0.02340 0.00000
-0.13640 -0.02340 0.00000
-0.13000 -0.02340 0.00000
-0.12360 -0.02340 0.00000
-0.11720 -0.02340 0.00000
-0.11080 -0.02350 0.00000
-0.10260 -0.02350 0.00000
-0.09620 -0.02350 0.00000
-0.08970 -0.02350 0.00000
-0.08330 -0.02350 0.00000
-0.07690 -0.02350 0.00000
-0.07040 -0.02350 0.00000
-0.06400 -0.02350 0.00000
-0.05750 -0.02350 0.00000
-0.04930 -0.02350 0.00000
-0.04290 -0.02350 0.00000
-0.03640 -0.02350 0.00000
-0.02990 -0.02350 0.00000
-0.02350 -0.02350 0.00000
-0.01700 -0.02350 0.00000
-0.01060 -0.02350 0.00000
-0.00410 -0.02350 0.00000
0.00410 -0.02350 0.00000
0.01060 -0.02350 0.00000
0.01700 -0.02350 0.00000
0.02350 -0.02350 0.00000
0.02990 -0.02350 0.00000
0.03640 -0.02350 0.00000
0.04290 -0.02350 0.00000
0.04930 -0.02350 0.00000
0.05750 -0.02350 0.00000
0.06400 -0.02350 0.00000
0.07040 -0.02350 0.00000
0.07690 -0.02350 0.00000
0.08330 -0.02350 0.00000
0.08970 -0.02350 0.00000
0.09620 -0.02350 0.00000
0.10260 -0.02350 0.00000
0.11080 -0.02350 0.00000
0.11720 -0.02340 0.00000
0.12360 -0.02340 0.00000
0.13000 -0.02340 0.00000
0.13640 -0.02340 0.00000
0.14280 -0.02340 0.00000
0.14920 -0.02340 0.00000
0.15560 -0.02340 0.00000
-0.15560 -0.02980 0.00000
-0.14920 -0.02980 0.00000
-0.14280 -0.02980 0.00000
-0.13640 -0.02990 0.00000
-0.13000 -0.02990 0.00000
-0.12360 -0.02990 0.00000
-0.11720 -0.02990 0.00000
-0.11080 -0.02990 0.00000
-0.10260 -0.02990 0.00000
-0.09620 -0.02990 0.00000
-0.08970 -0.02990 0.00000
-0.08330 -0.02990 0.00000
-0.07690 -0.02990 0.00000
-0.07040 -0.02990 0.00000
-0.06400 -0.02990 0.00000
-0.05750 -0.02990 0.00000
-0.04930 -0.02990 0.00000
-0.04290 -0.02990 0.00000
-0.03640 -0.02990 0.00000
-0.02990 -0.02990 0.00000
-0.02350 -0.02990 0.00000
-0.01700 -0.02990 0.00000
-0.01060 -0.03000 0.00000
-0.00410 -0.03000 0.00000
0.00410 -0.03000 0.00000
0.01060 -0.03000 0.00000
0.01700 -0.02990 0.00000
0.02350 -0.02990 0.00000
0.02990 -0.02990 0.00000
0.03640 -0.02990 0.00000
0.04290 -0.02990 0.00000
0.04930 -0.02990 0.00000
0.05750 -0.02990 0.00000
0.06400 -0.02990 0.00000
0.07040 -0.02990 0.00000
0.07690 -0.02990 0.00000
0.08330 -0.02990 0.00000
0.08970 -0.02990 0.00000
0.09620 -0.02990 0.00000
0.10260 -0.02990 0.00000
0.11080 -0.02990 0.00000
0.11720 -0.02990 0.00000
0.12360 -0.02990 0.00000
0.13000 -0.02990 0.00000
0.13640 -0.02990 0.00000
0.14280 -0.02980 0.00000
0.14920 -0.02980 0.00000
0.15560 -0.02980 0.00000
-0.15560 -0.03630 0.00000
-0.14920 -0.03630 0.00000
-0.14280 -0.03630 0.00000
-0.13640 -0.03630 0.00000
-0.13000 -0.03630 0.00000
-0.12360 -0.03630 0.00000
-0.11720 -0.03630 0.00000
-0.11080 -0.03630 0.00000
-0.10260 -0.03640 0.00000
-0.09620 -0.03640 0.00000
-0.08970 -0.03640 0.00000
-0.08330 -0.03640 0.00000
-0.07690 -0.03640 0.00000
-0.07040 -0.03640 0.00000
-0.06400 -0.03640 0.00000
-0.05750 -0.03640 0.00000
-0.04930 -0.03640 0.00000
-0.04290 -0.03640 0.00000
-0.03640 -0.03640 0.00000
-0.02990 -0.03640 0.00000
-0.02350 -0.03640 0.00000
-0.01700 -0.03640 0.00000
-0.01060 -0.03640 0.00000
-0.00410 -0.03640 0.00000
0.00410 -0.03640 0.00000
0.01060 -0.03640 0.00000
0.01700 -0.03640 0.00000
0.02350 -0.03640 0.00000
0.02990 -0.03640 0.00000
0.03640 -0.03640 0.00000
0.04290 -0.03640 0.00000
0.04930 -0.03640 0.00000
0.05750 -0.03640 0.00000
0.06400 -0.03640 0.00000
0.07040 -0.03640 0.00000
0.07690 -0.03640 0.00000
0.08330 -0.03640 0.00000
0.08970 -0.03640 0.00000
0.09620 -0.03640 0.00000
0.10260 -0.03640 0.00000
0.11080 -0.03630 0.00000
0.11720 -0.03630 0.00000
0.12360 -0.03630 0.00000
0.13000 -0.03630 0.00000
0.13640 -0.03630 0.00000
0.14280 -0.03630 0.00000
0.14920 -0.03630 0.00000
0.15560 -0.03630 0.00000
-0.15560 -0.04270 0.00000
-0.14920 -0.04270 0.00000
-0.14280 -0.04270 0.00000
-0.13640 -0.04270 0.00000
-0.13000 -0.04270 0.00000
-0.12360 -0.04280 0.00000
-0.11720 -0.04280 0.00000
-0.11080 -0.04280 0.00000
-0.10260 -0.04280 0.00000
-0.09620 -0.04280 0.00000
-0.08970 -0.04280 0.00000
-0.08330 -0.04280 0.00000
-0.07680 -0.04280 0.00000
-0.07040 -0.04280 0.00000
-0.06400 -0.04280 0.00000
-0.05750 -0.04280 0.00000
-0.04930 -0.04290 0.00000
-0.04290 -0.04290 0.00000
-0.03640 -0.04290 0.00000
-0.02990 -0.04290 0.00000
-0.02350 -0.04290 0.00000
-0.01700 -0.04290 0.00000
-0.01060 -0.04290 0.00000
-0.00410 -0.04290 0.00000
0.00410 -0.04290 0.00000
0.01060 -0.04290 0.00000
0.01700 -0.04290 0.00000
0.02350 -0.04290 0.00000
0.02990 -0.04290 0.00000
0.03640 -0.04290 0.00000
0.04290 -0.04290 0.00000
0.04930 -0.04290 0.00000
0.05750 -0.04280 0.00000
0.06400 -0.04280 0.00000
0.07040 -0.04280 0.00000
0.07680 -0.04280 0.00000
0.08330 -0.04280 0.00000
0.08970 -0.04280 0.00000
0.09620 -0.04280 0.00000
0.10260 -0.04280 0.00000
0.11080 -0.04280 0.00000
0.11720 -0.04280 0.00000
0.12360 -0.04280 0.00000
0.13000 -0.04270 0.00000
0.13640 -0.04270 0.00000
0.14280 -0.04270 0.00000
0.14920 -0.04270 0.00000
0.15560 -0.04270 0.00000
-0.15560 -0.04910 0.00000
-0.14920 -0.04910 0.00000
-0.14280 -0.04920 0.00000
-0.13640 -0.04920 0.00000
-0.13000 -0.04920 0.00000
-0.12360 -0.04920 0.00000
-0.11720 -0.04920 0.00000
-0.11080 -0.04920 0.00000
-0.10260 -0.04920 0.00000
-0.09620 -0.04930 0.00000
-0.08970 -0.04930 0.00000
-0.08330 -0.04930 0.00000
-0.07680 -0.04930 0.00000
-0.07040 -0.04930 0.00000
-0.06400 -0.04930 0.00000
-0.05750 -0.04930 0.00000
-0.04930 -0.04930 0.00000
-0.04290 -0.04930 0.00000
-0.03640 -0.04930 0.00000
-0.02990 -0.04930 0.00000
-0.02350 -0.04930 0.00000
-0.01700 -0.04930 0.00000
-0.01060 -0.04930 0.00000
-0.00410 -0.04930 0.00000
0.00410 -0.04930 0.00000
0.01060 -0.04930 0.00000
0.01700 -0.04930 0.00000
0.02350 -0.04930 0.00000
0.02990 -0.04930 0.00000
0.03640 -0.04930 0.00000
0.04290 -0.04930 0.00000
0.04930 -0.04930 0.00000
0.05750 -0.04930 0.00000
0.06400 -0.04930 0.00000
0.07040 -0.04930 0.00000
0.07680 -0.04930 0.00000
0.08330 -0.04930 0.00000
0.08970 -0.04930 0.00000
0.09620 -0.04930 0.00000
0.10260 -0.04920 0.00000
0.11080 -0.04920 0.00000
0.11720 -0.04920 0.00000
0.12360 -0.04920 0.00000
0.13000 -0.04920 0.00000
0.13640 -0.04920 0.00000
0.14280 -0.04920 0.00000
0.14920 -0.04910 0.00000
0.15560 -0.04910 0.00000
-0.15550 -0.05730 0.00000
-0.14910 -0.05730 0.00000
-0.14270 -0.05730 0.00000
-0.13640 -0.05740 0.00000
-0.13000 -0.05740 0.00000
-0.12360 -0.05740 0.00000
-0.11720 -0.05740 0.00000
-0.11080 -0.05740 0.00000
-0.10250 -0.05740 0.00000
-0.09610 -0.05740 0.00000
-0.08970 -0.05750 0.00000
-0.08330 -0.05750 0.00000
-0.07680 -0.05750 0.00000
-0.07040 -0.05750 0.00000
-0.06400 -0.05750 0.00000
-0.05750 -0.05750 0.00000
-0.04930 -0.05750 0.00000
-0.04280 -0.05750 0.00000
-0.03640 -0.05750 0.00000
-0.02990 -0.05750 0.00000
-0.02350 -0.05750 0.00000
-0.01700 -0.05750 0.00000
-0.01060 -0.05760 0.00000
-0.00410 -0.05760 0.00000
0.00410 -0.05760 0.00000
0.01060 -0.05760 0.00000
0.01700 -0.05750 0.00000
0.02350 -0.05750 0.00000
0.02990 -0.05750 0.00000
0.03640 -0.05750 0.00000
0.04280 -0.05750 0.00000
0.04930 -0.05750 0.00000
0.05750 -0.05750 0.00000
0.06400 -0.05750 0.00000
0.07040 -0.05750 0.00000
0.07680 -0.05750 0.00000
0.08330 -0.05750 0.00000
0.08970 -0.05750 0.00000
0.09610 -0.05740 0.00000
0.10250 -0.05740 0.00000
0.11080 -0.05740 0.00000
0.11720 -0.05740 0.00000
0.12360 -0.05740 0.00000
0.13000 -0.05740 0.00000
0.13640 -0.05740 0.00000
0.14270 -0.05730 0.00000
0.14910 -0.05730 0.00000
0.15550 -0.05730 0.00000
-0.15550 -0.06370 0.00000
-0.14910 -0.06370 0.00000
-0.14270 -0.06380 0.00000
-0.13630 -0.06380 0.00000
-0.12990 -0.06380 0.00000
-0.12350 -0.06380 0.00000
-0.11720 -0.06380 0.00000
-0.11080 -0.06390 0.00000
-0.10250 -0.06390 0.00000
-0.09610 -0.06390 0.00000
-0.08970 -0.06390 0.00000
-0.08330 -0.06390 0.00000
-0.07680 -0.06390 0.00000
-0.07040 -0.06390 0.00000
-0.06400 -0.06400 0.00000
-0.05750 -0.06400 0.00000
-0.04930 -0.06400 0.00000
-0.04280 -0.06400 0.00000
-0.03640 -0.06400 0.00000
-0.02990 -0.06400 0.00000
-0.02350 -0.06400 0.00000
-0.01700 -0.06400 0.00000
-0.01060 -0.06400 0.00000
-0.00410 -0.06400 0.00000
0.00410 -0.06400 0.00000
0.01060 -0.06400 0.00000
0.01700 -0.06400 0.00000
0.02350 -0.06400 0.00000
0.02990 -0.06400 0.00000
0.03640 -0.06400 0.00000
0.04280 -0.06400 0.00000
0.04930 -0.06400 0.00000
0.05750 -0.06400 0.00000
0.06400 -0.06400 0.00000
0.07040 -0.06390 0.00000
0.07680 -0.06390 0.00000
0.08330 -0.06390 0.00000
0.08970 -0.06390 0.00000
0.09610 -0.06390 0.00000
0.10250 -0.06390 0.00000
0.11080 -0.06390 0.00000
0.11720 -0.06380 0.00000
0.12350 -0.06380 0.00000
0.12990 -0.06380 0.00000
0.13630 -0.06380 0.00000
0.14270 -0.06380 0.00000
0.14910 -0.06370 0.00000
0.15550 -0.06370 0.00000
-0.15550 -0.07010 0.00000
-0.14910 -0.07020 0.00000
-0.14270 -0.07020 0.00000
-0.13630 -0.07020 0.00000
-0.12990 -0.07020 0.00000
-0.12350 -0.07030 0.00000
-0.11710 -0.07030 0.00000
-0.11070 -0.07030 0.00000
-0.10250 -0.07030 0.00000
-0.09610 -0.07030 0.00000
-0.08970 -0.07030 0.00000
-0.08320 -0.07030 0.00000
-0.07680 -0.07040 0.00000
-0.07040 -0.07040 0.00000
-0.06390 -0.07040 0.00000
-0.05750 -0.07040 0.00000
-0.04930 -0.07040 0.00000
-0.04280 -0.07040 0.00000
-0.03640 -0.07040 0.00000
-0.02990 -0.07040 0.00000
-0.02350 -0.07040 0.00000
-0.01700 -0.07040 0.00000
-0.01060 -0.07040 0.00000
-0.00410 -0.07040 0.00000
0.00410 -0.07040 0.00000
0.01060 -0.07040 0.00000
0.01700 -0.07040 0.00000
0.02350 -0.07040 0.00000
0.02990 -0.07040 0.00000
0.03640 -0.07040 0.00000
0.04280 -0.07040 0.00000
0.04930 -0.07040 0.00000
0.05750 -0.07040 0.00000
0.06390 -0.07040 0.00000
0.07040 -0.07040 0.00000
0.07680 -0.07040 0.00000
0.08320 -0.07030 0.00000
0.08970 -0.07030 0.00000
0.09610 -0.07030 0.00000
0.10250 -0.07030 0.00000
0.11070 -0.07030 0.00000
0.11710 -0.07030 0.00000
0.12350 -0.07030 0.00000
0.12990 -0.07020 0.00000
0.13630 -0.07020 0.00000
0.14270 -0.07020 0.00000
0.14910 -0.07020 0.00000
0.15550 -0.07010 0.00000
-0.15550 -0.07660 0.00000
-0.14910 -0.07660 0.00000
-0.14270 -0.07660 0.00000
-0.13630 -0.07660 0.00000
-0.12990 -0.07670 0.00000
-0.12350 -0.07670 0.00000
-0.11710 -0.07670 0.00000
-0.11070 -0.07670 0.00000
-0.10250 -0.07670 0.00000
-0.09610 -0.07680 0.00000
-0.08970 -0.07680 0.00000
-0.08320 -0.07680 0.00000
-0.07680 -0.07680 0.00000
-0.07040 -0.07680 0.00000
-0.06390 -0.07680 0.00000
-0.05750 -0.07680 0.00000
-0.04930 -0.07680 0.00000
-0.04280 -0.07680 0.00000
-0.03640 -0.07690 0.00000
-0.02990 -0.07690 0.00000
-0.02350 -0.07690 0.00000
-0.01700 -0.07690 0.00000
-0.01060 -0.07690 0.00000
-0.00410 -0.07690 0.00000
0.00410 -0.07690 0.00000
0.01060 -0.07690 0.00000
0.01700 -0.07690 0.00000
0.02350 -0.07690 0.00000
0.02990 -0.07690 0.00000
0.03640 -0.07690 0.00000
0.04280 -0.07680 0.00000
0.04930 -0.07680 0.00000
0.05750 -0.07680 0.00000
0.06390 -0.07680 0.00000
0.07040 -0.07680 0.00000
0.07680 -0.07680 0.00000
0.08320 -0.07680 0.00000
0.08970 -0.07680 0.00000
0.09610 -0.07680 0.00000
0.10250 -0.07670 0.00000
0.11070 -0.07670 0.00000
0.11710 -0.07670 0.00000
0.12350 -0.07670 0.00000
0.12990 -0.07670 0.00000
0.13630 -0.07660 0.00000
0.14270 -0.07660 0.00000
0.14910 -0.07660 0.00000
0.15550 -0.07660 0.00000
-0.15550 -0.08300 0.00000
-0.14910 -0.08300 0.00000
-0.14270 -0.08300 0.00000
-0.13630 -0.08300 0.00000
-0.12990 -0.08310 0.00000
-0.12350 -0.08310 0.00000
-0.11710 -0.08310 0.00000
-0.11070 -0.08310 0.00000
-0.10250 -0.08320 0.00000
-0.09610 -0.08320 0.00000
-0.08960 -0.08320 0.00000
-0.08320 -0.08320 0.00000
-0.07680 -0.08320 0.00000
-0.07030 -0.08320 0.00000
-0.06390 -0.08330 0.00000
-0.05750 -0.08330 0.00000
-0.04930 -0.08330 0.00000
-0.04280 -0.08330 0.00000
-0.03640 -0.08330 0.00000
-0.02990 -0.08330 0.00000
-0.02350 -0.08330 0.00000
-0.01700 -0.08330 0.00000
-0.01060 -0.08330 0.00000
-0.00410 -0.08330 0.00000
0.00410 -0.08330 0.00000
0.01060 -0.08330 0.00000
0.01700 -0.08330 0.00000
0.02350 -0.08330 0.00000
0.02990 -0.08330 0.00000
0.03640 -0.08330 0.00000
0.04280 -0.08330 0.00000
0.04930 -0.08330 0.00000
0.05750 -0.08330 0.00000
0.06390 -0.08330 0.00000
0.07030 -0.08320 0.00000
0.07680 -0.08320 0.00000
0.08320 -0.08320 0.00000
0.08960 -0.08320 0.00000
0.09610 -0.08320 0.00000
0.10250 -0.08320 0.00000
0.11070 -0.08310 0.00000
0.11710 -0.08310 0.00000
0.12350 -0.08310 0.00000
0.12990 -0.08310 0.00000
0.13630 -0.08300 0.00000
0.14270 -0.08300 0.00000
0.14910 -0.08300 0.00000
0.15550 -0.08300 0.00000
-0.15540 -0.08940 0.00000
-0.14900 -0.08940 0.00000
-0.14260 -0.08940 0.00000
-0.13620 -0.08950 0.00000
-0.12990 -0.08950 0.00000
-0.12350 -0.08950 0.00000
-0.11710 -0.08950 0.00000
-0.11060 -0.08960 0.00000
-0.10250 -0.08960 0.00000
-0.09610 -0.08960 0.00000
-0.08960 -0.08960 0.00000
-0.08320 -0.08960 0.00000
-0.07680 -0.08970 0.00000
-0.07030 -0.08970 0.00000
-0.06390 -0.08970 0.00000
-0.05750 -0.08970 0.00000
-0.04930 -0.08970 0.00000
-0.04280 -0.08970 0.00000
-0.03640 -0.08970 0.00000
-0.02990 -0.08970 0.00000
-0.02350 -0.08970 0.00000
-0.01700 -0.08970 0.00000
-0.01060 -0.08970 0.00000
-0.00410 -0.08970 0.00000
0.00410 -0.08970 0.00000
0.01060 -0.08970 0.00000
0.01700 -0.08970 0.00000
0.02350 -0.08970 0.00000
0.02990 -0.08970 0.00000
0.03640 -0.08970 0.00000
0.04280 -0.08970 0.00000
0.04930 -0.08970 0.00000
0.05750 -0.08970 0.00000
0.06390 -0.08970 0.00000
0.07030 -0.08970 0.00000
0.07680 -0.08970 0.00000
0.08320 -0.08960 0.00000
0.08960 -0.08960 0.00000
0.09610 -0.08960 0.00000
0.10250 -0.08960 0.00000
0.11060 -0.08960 0.00000
0.11710 -0.08950 0.00000
0.12350 -0.08950 0.00000
0.12990 -0.08950 0.00000
0.13620 -0.08950 0.00000
0.14260 -0.08940 0.00000
0.14900 -0.08940 0.00000
0.15540 -0.08940 0.00000
-0.15540 -0.09580 0.00000
-0.14900 -0.09580 0.00000
-0.14260 -0.09590 0.00000
-0.13620 -0.09590 0.00000
-0.12980 -0.09590 0.00000
-0.12340 -0.09590 0.00000
-0.11700 -0.09600 0.00000
-0.11060 -0.09600 0.00000
-0.10250 -0.09600 0.00000
-0.09610 -0.09610 0.00000
-0.08960 -0.09610 0.00000
-0.08320 -0.09610 0.00000
-0.07680 -0.09610 0.00000
-0.07030 -0.09610 0.00000
-0.06390 -0.09610 0.00000
-0.05740 -0.09610 0.00000
-0.04930 -0.09620 0.00000
-0.04280 -0.09620 0.00000
-0.03640 -0.09620 0.00000
-0.02990 -0.09620 0.00000
-0.02350 -0.09620 0.00000
-0.01700 -0.09620 0.00000
-0.01060 -0.09620 0.00000
-0.00410 -0.09620 0.00000
0.00410 -0.09620 0.00000
0.01060 -0.09620 0.00000
0.01700 -0.09620 0.00000
0.02350 -0.09620 0.00000
0.02990 -0.09620 0.00000
0.03640 -0.09620 0.00000
0.04280 -0.09620 0.00000
0.04930 -0.09620 0.00000
0.05740 -0.09610 0.00000
0.06390 -0.09610 0.00000
0.07030 -0.09610 0.00000
0.07680 -0.09610 0.00000
0.08320 -0.09610 0.00000
0.08960 -0.09610 0.00000
0.09610 -0.09610 0.00000
0.10250 -0.09600 0.00000
0.11060 -0.09600 0.00000
0.11700 -0.09600 0.00000
0.12340 -0.09590 0.00000
0.12980 -0.09590 0.00000
0.13620 -0.09590 0.00000
0.14260 -0.09590 0.00000
0.14900 -0.09580 0.00000
0.15540 -0.09580 0.00000
-0.15540 -0.10220 0.00000
-0.14900 -0.10230 0.00000
-0.14260 -0.10230 0.00000
-0.13620 -0.10230 0.00000
-0.12980 -0.10230 0.00000
-0.12340 -0.10230 0.00000
-0.11700 -0.10240 0.00000
-0.11060 -0.10240 0.00000
-0.10250 -0.10250 0.00000
-0.09600 -0.10250 0.00000
-0.08960 -0.10250 0.00000
-0.08320 -0.10250 0.00000
-0.07670 -0.10250 0.00000
-0.07030 -0.10250 0.00000
-0.06390 -0.10250 0.00000
-0.05740 -0.10250 0.00000
-0.04920 -0.10260 0.00000
-0.04280 -0.10260 0.00000
-0.03640 -0.10260 0.00000
-0.02990 -0.10260 0.00000
-0.02350 -0.10260 0.00000
-0.01700 -0.10260 0.00000
-0.01060 -0.10260 0.00000
-0.00410 -0.10260 0.00000
0.00410 -0.10260 0.00000
0.01060 -0.10260 0.00000
0.01700 -0.10260 0.00000
0.02350 -0.10260 0.00000
0.02990 -0.10260 0.00000
0.03640 -0.10260 0.00000
0.04280 -0.10260 0.00000
0.04920 -0.10260 0.00000
0.05740 -0.10250 0.00000
0.06390 -0.10250 0.00000
0.07030 -0.10250 0.00000
0.07670 -0.10250 0.00000
0.08320 -0.10250 0.00000
0.08960 -0.10250 0.00000
0.09600 -0.10250 0.00000
0.10250 -0.10250 0.00000
0.11060 -0.10240 0.00000
0.11700 -0.10240 0.00000
0.12340 -0.10230 0.00000
0.12980 -0.10230 0.00000
0.13620 -0.10230 0.00000
0.14260 -0.10230 0.00000
0.14900 -0.10230 0.00000
0.15540 -0.10220 0.00000
-0.10240 -0.11060 0.00000
-0.09600 -0.11060 0.00000
-0.08960 -0.11060 0.00000
-0.08310 -0.11070 0.00000
-0.07670 -0.11070 0.00000
-0.07030 -0.11070 0.00000
-0.06390 -0.11080 0.00000
-0.05740 -0.11080 0.00000
-0.04920 -0.11080 0.00000
-0.04280 -0.11080 0.00000
-0.03630 -0.11080 0.00000
-0.02990 -0.11080 0.00000
-0.02350 -0.11080 0.00000
-0.01700 -0.11080 0.00000
-0.01060 -0.11080 0.00000
-0.00410 -0.11080 0.00000
0.00410 -0.11080 0.00000
0.01060 -0.11080 0.00000
0.01700 -0.11080 0.00000
0.02350 -0.11080 0.00000
0.02990 -0.11080 0.00000
0.03630 -0.11080 0.00000
0.04280 -0.11080 0.00000
0.04920 -0.11080 0.00000
0.05740 -0.11080 0.00000
0.06390 -0.11080 0.00000
0.07030 -0.11070 0.00000
0.07670 -0.11070 0.00000
0.08310 -0.11070 0.00000
0.08960 -0.11060 0.00000
0.09600 -0.11060 0.00000
0.10240 -0.11060 0.00000
-0.10240 -0.11700 0.00000
-0.09600 -0.11700 0.00000
-0.08950 -0.11710 0.00000
-0.08310 -0.11710 0.00000
-0.07670 -0.11710 0.00000
-0.07030 -0.11710 0.00000
-0.06380 -0.11720 0.00000
-0.05740 -0.11720 0.00000
-0.04920 -0.11720 0.00000
-0.04280 -0.11720 0.00000
-0.03630 -0.11720 0.00000
-0.02990 -0.11720 0.00000
-0.02340 -0.11720 0.00000
-0.01700 -0.11720 0.00000
-0.01060 -0.11720 0.00000
-0.00410 -0.11720 0.00000
0.00410 -0.11720 0.00000
0.01060 -0.11720 0.00000
0.01700 -0.11720 0.00000
0.02340 -0.11720 0.00000
0.02990 -0.11720 0.00000
0.03630 -0.11720 0.00000
0.04280 -0.11720 0.00000
0.04920 -0.11720 0.00000
0.05740 -0.11720 0.00000
0.06380 -0.11720 0.00000
0.07030 -0.11710 0.00000
0.07670 -0.11710 0.00000
0.08310 -0.11710 0.00000
0.08950 -0.11710 0.00000
0.09600 -0.11700 0.00000
0.10240 -0.11700 0.00000
-0.10230 -0.12340 0.00000
-0.09590 -0.12340 0.00000
-0.08950 -0.12350 0.00000
-0.08310 -0.12350 0.00000
-0.07670 -0.12350 0.00000
-0.07030 -0.12350 0.00000
-0.06380 -0.12350 0.00000
-0.05740 -0.12360 0.00000
-0.04920 -0.12360 0.00000
-0.04280 -0.12360 0.00000
-0.03630 -0.12360 0.00000
-0.02990 -0.12360 0.00000
-0.02340 -0.12360 0.00000
-0.01700 -0.12360 0.00000
-0.01050 -0.12360 0.00000
-0.00410 -0.12360 0.00000
0.00410 -0.12360 0.00000
0.01050 -0.12360 0.00000
0.01700 -0.12360 0.00000
0.02340 -0.12360 0.00000
0.02990 -0.12360 0.00000
0.03630 -0.12360 0.00000
0.04280 -0.12360 0.00000
0.04920 -0.12360 0.00000
0.05740 -0.12360 0.00000
0.06380 -0.12350 0.00000
0.07030 -0.12350 0.00000
0.07670 -0.12350 0.00000
0.08310 -0.12350 0.00000
0.08950 -0.12350 0.00000
0.09590 -0.12340 0.00000
0.10230 -0.12340 0.00000
-0.10230 -0.12980 0.00000
-0.09590 -0.12980 0.00000
-0.08950 -0.12990 0.00000
-0.08310 -0.12990 0.00000
-0.07670 -0.12990 0.00000
-0.07020 -0.12990 0.00000
-0.06380 -0.12990 0.00000
-0.05740 -0.13000 0.00000
-0.04920 -0.13000 0.00000
-0.04270 -0.13000 0.00000
-0.03630 -0.13000 0.00000
-0.02990 -0.13000 0.00000
-0.02340 -0.13000 0.00000
-0.01700 -0.13000 0.00000
-0.01050 -0.13000 0.00000
-0.00410 -0.13000 0.00000
0.00410 -0.13000 0.00000
0.01050 -0.13000 0.00000
0.01700 -0.13000 0.00000
0.02340 -0.13000 0.00000
0.02990 -0.13000 0.00000
0.03630 -0.13000 0.00000
0.04270 -0.13000 0.00000
0.04920 -0.13000 0.00000
0.05740 -0.13000 0.00000
0.06380 -0.12990 0.00000
0.07020 -0.12990 0.00000
0.07670 -0.12990 0.00000
0.08310 -0.12990 0.00000
0.08950 -0.12990 0.00000
0.09590 -0.12980 0.00000
0.10230 -0.12980 0.00000
-0.10230 -0.13620 0.00000
-0.09590 -0.13620 0.00000
-0.08950 -0.13620 0.00000
-0.08300 -0.13630 0.00000
-0.07660 -0.13630 0.00000
-0.07020 -0.13630 0.00000
-0.06380 -0.13630 0.00000
-0.05740 -0.13640 0.00000
-0.04920 -0.13640 0.00000
-0.04270 -0.13640 0.00000
-0.03630 -0.13640 0.00000
-0.02990 -0.13640 0.00000
-0.02340 -0.13640 0.00000
-0.01700 -0.13640 0.00000
-0.01050 -0.13640 0.00000
-0.00410 -0.13640 0.00000
0.00410 -0.13640 0.00000
0.01050 -0.13640 0.00000
0.01700 -0.13640 0.00000
0.02340 -0.13640 0.00000
0.02990 -0.13640 0.00000
0.03630 -0.13640 0.00000
0.04270 -0.13640 0.00000
0.04920 -0.13640 0.00000
0.05740 -0.13640 0.00000
0.06380 -0.13630 0.00000
0.07020 -0.13630 0.00000
0.07660 -0.13630 0.00000
0.08300 -0.13630 0.00000
0.08950 -0.13620 0.00000
0.09590 -0.13620 0.00000
0.10230 -0.13620 0.00000
-0.10230 -0.14260 0.00000
-0.09590 -0.14260 0.00000
-0.08940 -0.14260 0.00000
-0.08300 -0.14270 0.00000
-0.07660 -0.14270 0.00000
-0.07020 -0.14270 0.00000
-0.06380 -0.14270 0.00000
-0.05730 -0.14270 0.00000
-0.04920 -0.14280 0.00000
-0.04270 -0.14280 0.00000
-0.03630 -0.14280 0.00000
-0.02980 -0.14280 0.00000
-0.02340 -0.14280 0.00000
-0.01700 -0.14280 0.00000
-0.01050 -0.14280 0.00000
-0.00410 -0.14280 0.00000
0.00410 -0.14280 0.00000
0.01050 -0.14280 0.00000
0.01700 -0.14280 0.00000
0.02340 -0.14280 0.00000
0.02980 -0.14280 0.00000
0.03630 -0.14280 0.00000
0.04270 -0.14280 0.00000
0.04920 -0.14280 0.00000
0.05730 -0.14270 0.00000
0.06380 -0.14270 0.00000
0.07020 -0.14270 0.00000
0.07660 -0.14270 0.00000
0.08300 -0.14270 0.00000
0.08940 -0.14260 0.00000
0.09590 -0.14260 0.00000
0.10230 -0.14260 0.00000
-0.10230 -0.14900 0.00000
-0.09580 -0.14900 0.00000
-0.08940 -0.14900 0.00000
-0.08300 -0.14910 0.00000
-0.07660 -0.14910 0.00000
-0.07020 -0.14910 0.00000
-0.06370 -0.14910 0.00000
-0.05730 -0.14910 0.00000
-0.04910 -0.14920 0.00000
-0.04270 -0.14920 0.00000
-0.03630 -0.14920 0.00000
-0.02980 -0.14920 0.00000
-0.02340 -0.14920 0.00000
-0.01700 -0.14920 0.00000
-0.01050 -0.14920 0.00000
-0.00410 -0.14920 0.00000
0.00410 -0.14920 0.00000
0.01050 -0.14920 0.00000
0.01700 -0.14920 0.00000
0.02340 -0.14920 0.00000
0.02980 -0.14920 0.00000
0.03630 -0.14920 0.00000
0.04270 -0.14920 0.00000
0.04910 -0.14920 0.00000
0.05730 -0.14910 0.00000
0.06370 -0.14910 0.00000
0.07020 -0.14910 0.00000
0.07660 -0.14910 0.00000
0.08300 -0.14910 0.00000
0.08940 -0.14900 0.00000
0.09580 -0.14900 0.00000
0.10230 -0.14900 0.00000
-0.10220 -0.15540 0.00000
-0.09580 -0.15540 0.00000
-0.08940 -0.15540 0.00000
-0.08300 -0.15550 0.00000
-0.07660 -0.15550 0.00000
-0.07010 -0.15550 0.00000
-0.06370 -0.15550 0.00000
-0.05730 -0.15550 0.00000
-0.04910 -0.15560 0.00000
-0.04270 -0.15560 0.00000
-0.03630 -0.15560 0.00000
-0.02980 -0.15560 0.00000
-0.02340 -0.15560 0.00000
-0.01700 -0.15560 0.00000
-0.01050 -0.15560 0.00000
-0.00410 -0.15560 0.00000
0.00410 -0.15560 0.00000
0.01050 -0.15560 0.00000
0.01700 -0.15560 0.00000
0.02340 -0.15560 0.00000
0.02980 -0.15560 0.00000
0.03630 -0.15560 0.00000
0.04270 -0.15560 0.00000
0.04910 -0.15560 0.00000
0.05730 -0.15550 0.00000
0.06370 -0.15550 0.00000
0.07010 -0.15550 0.00000
0.07660 -0.15550 0.00000
0.08300 -0.15550 0.00000
0.08940 -0.15540 0.00000
0.09580 -0.15540 0.00000
0.10220 -0.15540 0.00000
