0.07500 1.16913 0.00000
0.12500 1.16913 0.00000
-0.05000 1.12583 0.00000
0.00000 1.12583 0.00000
0.05000 1.12583 0.00000
0.10000 1.12583 0.00000
0.15000 1.12583 0.00000
0.30000 1.12583 0.00000
0.35000 1.12583 0.00000
-0.17500 1.08253 0.00000
-0.12500 1.08253 0.00000
-0.07500 1.08253 0.00000
-0.02500 1.08253 0.00000
0.02500 1.08253 0.00000
0.07500 1.08253 0.00000
0.12500 1.08253 0.00000
0.17500 1.08253 0.00000
0.22500 1.08253 0.00000
0.27500 1.08253 0.00000
0.32500 1.08253 0.00000
0.37500 1.08253 0.00000
-0.30000 1.03923 0.00000
-0.25000 1.03923 0.00000
-0.20000 1.03923 0.00000
-0.15000 1.03923 0.00000
-0.10000 1.03923 0.00000
-0.05000 1.03923 0.00000
0.00000 1.03923 0.00000
0.05000 1.03923 0.00000
0.10000 1.03923 0.00000
0.15000 1.03923 0.00000
0.20000 1.03923 0.00000
0.25000 1.03923 0.00000
0.30000 1.03923 0.00000
0.35000 1.03923 0.00000
0.40000 1.03923 0.00000
0.45000 1.03923 0.00000
-0.42500 0.99593 0.00000
-0.37500 0.99593 0.00000
-0.32500 0.99593 0.00000
-0.27500 0.99593 0.00000
-0.22500 0.99593 0.00000
-0.17500 0.99593 0.00000
-0.12500 0.99593 0.00000
-0.07500 0.99593 0.00000
-0.02500 0.99593 0.00000
0.02500 0.99593 0.00000
0.07500 0.99593 0.00000
0.12500 0.99593 0.00000
0.17500 0.99593 0.00000
0.22500 0.99593 0.00000
0.27500 0.99593 0.00000
0.32500 0.99593 0.00000
0.37500 0.99593 0.00000
0.42500 0.99593 0.00000
0.47500 0.99593 0.00000
-0.55000 0.95263 0.00000
-0.50000 0.95263 0.00000
-0.45000 0.95263 0.00000
-0.40000 0.95263 0.00000
-0.35000 0.95263 0.00000
-0.30000 0.95263 0.00000
-0.25000 0.95263 0.00000
-0.20000 0.95263 0.00000
-0.15000 0.95263 0.00000
-0.10000 0.95263 0.00000
-0.05000 0.95263 0.00000
0.00000 0.95263 0.00000
0.05000 0.95263 0.00000
0.10000 0.95263 0.00000
0.15000 0.95263 0.00000
0.20000 0.95263 0.00000
0.25000 0.95263 0.00000
0.30000 0.95263 0.00000
0.35000 0.95263 0.00000
0.40000 0.95263 0.00000
0.45000 0.95263 0.00000
0.50000 0.95263 0.00000
0.55000 0.95263 0.00000
-0.67500 0.90933 0.00000
-0.62500 0.90933 0.00000
-0.57500 0.90933 0.00000
-0.52500 0.90933 0.00000
-0.47500 0.90933 0.00000
-0.42500 0.90933 0.00000
-0.37500 0.90933 0.00000
-0.32500 0.90933 0.00000
-0.27500 0.90933 0.00000
-0.22500 0.90933 0.00000
-0.17500 0.90933 0.00000
-0.12500 0.90933 0.00000
-0.07500 0.90933 0.00000
-0.02500 0.90933 0.00000
0.02500 0.90933 0.00000
0.07500 0.90933 0.00000
0.12500 0.90933 0.00000
0.17500 0.90933 0.00000
0.22500 0.90933 0.00000
0.27500 0.90933 0.00000
0.32500 0.90933 0.00000
0.37500 0.90933 0.00000
0.42500 0.90933 0.00000
0.47500 0.90933 0.00000
0.52500 0.90933 0.00000
0.57500 0.90933 0.00000
-0.80000 0.86603 0.00000
-0.75000 0.86603 0.00000
-0.70000 0.86603 0.00000
-0.65000 0.86603 0.00000
-0.60000 0.86603 0.00000
-0.55000 0.86603 0.00000
-0.50000 0.86603 0.00000
-0.45000 0.86603 0.00000
-0.40000 0.86603 0.00000
-0.35000 0.86603 0.00000
-0.30000 0.86603 0.00000
-0.25000 0.86603 0.00000
-0.20000 0.86603 0.00000
-0.15000 0.86603 0.00000
-0.10000 0.86603 0.00000
-0.05000 0.86603 0.00000
0.00000 0.86603 0.00000
0.05000 0.86603 0.00000
0.10000 0.86603 0.00000
0.15000 0.86603 0.00000
0.20000 0.86603 0.00000
0.25000 0.86603 0.00000
0.30000 0.86603 0.00000
0.35000 0.86603 0.00000
0.40000 0.86603 0.00000
0.45000 0.86603 0.00000
0.50000 0.86603 0.00000
0.55000 0.86603 0.00000
0.60000 0.86603 0.00000
0.65000 0.86603 0.00000
-0.82500 0.82272 0.00000
-0.77500 0.82272 0.00000
-0.72500 0.82272 0.00000
-0.67500 0.82272 0.00000
-0.62500 0.82272 0.00000
-0.57500 0.82272 0.00000
-0.52500 0.82272 0.00000
-0.47500 0.82272 0.00000
-0.42500 0.82272 0.00000
-0.37500 0.82272 0.00000
-0.32500 0.82272 0.00000
-0.27500 0.82272 0.00000
-0.22500 0.82272 0.00000
-0.17500 0.82272 0.00000
-0.12500 0.82272 0.00000
-0.07500 0.82272 0.00000
-0.02500 0.82272 0.00000
0.02500 0.82272 0.00000
0.07500 0.82272 0.00000
0.12500 0.82272 0.00000
0.17500 0.82272 0.00000
0.22500 0.82272 0.00000
0.27500 0.82272 0.00000
0.32500 0.82272 0.00000
0.37500 0.82272 0.00000
0.42500 0.82272 0.00000
0.47500 0.82272 0.00000
0.52500 0.82272 0.00000
0.57500 0.82272 0.00000
0.62500 0.82272 0.00000
0.67500 0.82272 0.00000
-0.80000 0.77942 0.00000
-0.75000 0.77942 0.00000
-0.70000 0.77942 0.00000
-0.65000 0.77942 0.00000
-0.60000 0.77942 0.00000
-0.55000 0.77942 0.00000
-0.50000 0.77942 0.00000
-0.45000 0.77942 0.00000
-0.40000 0.77942 0.00000
-0.35000 0.77942 0.00000
-0.30000 0.77942 0.00000
-0.25000 0.77942 0.00000
-0.20000 0.77942 0.00000
-0.15000 0.77942 0.00000
-0.10000 0.77942 0.00000
-0.05000 0.77942 0.00000
0.00000 0.77942 0.00000
0.05000 0.77942 0.00000
0.10000 0.77942 0.00000
0.15000 0.77942 0.00000
0.20000 0.77942 0.00000
0.25000 0.77942 0.00000
0.30000 0.77942 0.00000
0.35000 0.77942 0.00000
0.40000 0.77942 0.00000
0.45000 0.77942 0.00000
0.50000 0.77942 0.00000
0.55000 0.77942 0.00000
0.60000 0.77942 0.00000
0.65000 0.77942 0.00000
0.70000 0.77942 0.00000
0.75000 0.77942 0.00000
-0.82500 0.73612 0.00000
-0.77500 0.73612 0.00000
-0.72500 0.73612 0.00000
-0.67500 0.73612 0.00000
-0.62500 0.73612 0.00000
-0.57500 0.73612 0.00000
-0.52500 0.73612 0.00000
-0.47500 0.73612 0.00000
-0.42500 0.73612 0.00000
-0.37500 0.73612 0.00000
-0.32500 0.73612 0.00000
-0.27500 0.73612 0.00000
-0.22500 0.73612 0.00000
-0.17500 0.73612 0.00000
-0.12500 0.73612 0.00000
-0.07500 0.73612 0.00000
-0.02500 0.73612 0.00000
0.02500 0.73612 0.00000
0.07500 0.73612 0.00000
0.12500 0.73612 0.00000
0.17500 0.73612 0.00000
0.22500 0.73612 0.00000
0.27500 0.73612 0.00000
0.32500 0.73612 0.00000
0.37500 0.73612 0.00000
0.42500 0.73612 0.00000
0.47500 0.73612 0.00000
0.52500 0.73612 0.00000
0.57500 0.73612 0.00000
0.62500 0.73612 0.00000
0.67500 0.73612 0.00000
0.72500 0.73612 0.00000
0.77500 0.73612 0.00000
-0.95000 0.69282 0.00000
-0.90000 0.69282 0.00000
-0.85000 0.69282 0.00000
-0.80000 0.69282 0.00000
-0.75000 0.69282 0.00000
-0.70000 0.69282 0.00000
-0.65000 0.69282 0.00000
-0.60000 0.69282 0.00000
-0.55000 0.69282 0.00000
-0.50000 0.69282 0.00000
-0.45000 0.69282 0.00000
-0.40000 0.69282 0.00000
-0.35000 0.69282 0.00000
-0.30000 0.69282 0.00000
-0.25000 0.69282 0.00000
-0.20000 0.69282 0.00000
-0.15000 0.69282 0.00000
-0.10000 0.69282 0.00000
-0.05000 0.69282 0.00000
0.00000 0.69282 0.00000
0.05000 0.69282 0.00000
0.10000 0.69282 0.00000
0.15000 0.69282 0.00000
0.20000 0.69282 0.00000
0.25000 0.69282 0.00000
0.30000 0.69282 0.00000
0.35000 0.69282 0.00000
0.40000 0.69282 0.00000
0.45000 0.69282 0.00000
0.50000 0.69282 0.00000
0.55000 0.69282 0.00000
0.60000 0.69282 0.00000
0.65000 0.69282 0.00000
0.70000 0.69282 0.00000
0.75000 0.69282 0.00000
0.80000 0.69282 0.00000
0.85000 0.69282 0.00000
-0.97500 0.64952 0.00000
-0.92500 0.64952 0.00000
-0.87500 0.64952 0.00000
-0.82500 0.64952 0.00000
-0.77500 0.64952 0.00000
-0.72500 0.64952 0.00000
-0.67500 0.64952 0.00000
-0.62500 0.64952 0.00000
-0.57500 0.64952 0.00000
-0.52500 0.64952 0.00000
-0.47500 0.64952 0.00000
-0.42500 0.64952 0.00000
-0.37500 0.64952 0.00000
-0.32500 0.64952 0.00000
-0.27500 0.64952 0.00000
-0.22500 0.64952 0.00000
-0.17500 0.64952 0.00000
-0.12500 0.64952 0.00000
-0.07500 0.64952 0.00000
-0.02500 0.64952 0.00000
0.02500 0.64952 0.00000
0.07500 0.64952 0.00000
0.12500 0.64952 0.00000
0.17500 0.64952 0.00000
0.22500 0.64952 0.00000
0.27500 0.64952 0.00000
0.32500 0.64952 0.00000
0.37500 0.64952 0.00000
0.42500 0.64952 0.00000
0.47500 0.64952 0.00000
0.52500 0.64952 0.00000
0.57500 0.64952 0.00000
0.62500 0.64952 0.00000
0.67500 0.64952 0.00000
0.72500 0.64952 0.00000
0.77500 0.64952 0.00000
0.82500 0.64952 0.00000
0.87500 0.64952 0.00000
-0.95000 0.60622 0.00000
-0.90000 0.60622 0.00000
-0.85000 0.60622 0.00000
-0.80000 0.60622 0.00000
-0.75000 0.60622 0.00000
-0.70000 0.60622 0.00000
-0.65000 0.60622 0.00000
-0.60000 0.60622 0.00000
-0.55000 0.60622 0.00000
-0.50000 0.60622 0.00000
-0.45000 0.60622 0.00000
-0.40000 0.60622 0.00000
-0.35000 0.60622 0.00000
-0.30000 0.60622 0.00000
-0.25000 0.60622 0.00000
-0.20000 0.60622 0.00000
-0.15000 0.60622 0.00000
-0.10000 0.60622 0.00000
-0.05000 0.60622 0.00000
0.00000 0.60622 0.00000
0.05000 0.60622 0.00000
0.10000 0.60622 0.00000
0.15000 0.60622 0.00000
0.20000 0.60622 0.00000
0.25000 0.60622 0.00000
0.30000 0.60622 0.00000
0.35000 0.60622 0.00000
0.40000 0.60622 0.00000
0.45000 0.60622 0.00000
0.50000 0.60622 0.00000
0.55000 0.60622 0.00000
0.60000 0.60622 0.00000
0.65000 0.60622 0.00000
0.70000 0.60622 0.00000
0.75000 0.60622 0.00000
0.80000 0.60622 0.00000
0.85000 0.60622 0.00000
0.90000 0.60622 0.00000
0.95000 0.60622 0.00000
-0.97500 0.56292 0.00000
-0.92500 0.56292 0.00000
-0.87500 0.56292 0.00000
-0.82500 0.56292 0.00000
-0.77500 0.56292 0.00000
-0.72500 0.56292 0.00000
-0.67500 0.56292 0.00000
-0.62500 0.56292 0.00000
-0.57500 0.56292 0.00000
-0.52500 0.56292 0.00000
-0.47500 0.56292 0.00000
-0.42500 0.56292 0.00000
-0.37500 0.56292 0.00000
-0.32500 0.56292 0.00000
-0.27500 0.56292 0.00000
-0.22500 0.56292 0.00000
-0.17500 0.56292 0.00000
-0.12500 0.56292 0.00000
-0.07500 0.56292 0.00000
-0.02500 0.56292 0.00000
0.02500 0.56292 0.00000
0.07500 0.56292 0.00000
0.12500 0.56292 0.00000
0.17500 0.56292 0.00000
0.22500 0.56292 0.00000
0.27500 0.56292 0.00000
0.32500 0.56292 0.00000
0.37500 0.56292 0.00000
0.42500 0.56292 0.00000
0.47500 0.56292 0.00000
0.52500 0.56292 0.00000
0.57500 0.56292 0.00000
0.62500 0.56292 0.00000
0.67500 0.56292 0.00000
0.72500 0.56292 0.00000
0.77500 0.56292 0.00000
0.82500 0.56292 0.00000
0.87500 0.56292 0.00000
0.92500 0.56292 0.00000
0.97500 0.56292 0.00000
-1.00000 0.51962 0.00000
-0.95000 0.51962 0.00000
-0.90000 0.51962 0.00000
-0.85000 0.51962 0.00000
-0.80000 0.51962 0.00000
-0.75000 0.51962 0.00000
-0.70000 0.51962 0.00000
-0.65000 0.51962 0.00000
-0.60000 0.51962 0.00000
-0.55000 0.51962 0.00000
-0.50000 0.51962 0.00000
-0.45000 0.51962 0.00000
-0.40000 0.51962 0.00000
-0.35000 0.51962 0.00000
-0.30000 0.51962 0.00000
-0.25000 0.51962 0.00000
-0.20000 0.51962 0.00000
-0.15000 0.51962 0.00000
-0.10000 0.51962 0.00000
-0.05000 0.51962 0.00000
0.00000 0.51962 0.00000
0.05000 0.51962 0.00000
0.10000 0.51962 0.00000
0.15000 0.51962 0.00000
0.20000 0.51962 0.00000
0.25000 0.51962 0.00000
0.30000 0.51962 0.00000
0.35000 0.51962 0.00000
0.40000 0.51962 0.00000
0.45000 0.51962 0.00000
0.50000 0.51962 0.00000
0.55000 0.51962 0.00000
0.60000 0.51962 0.00000
0.65000 0.51962 0.00000
0.70000 0.51962 0.00000
0.75000 0.51962 0.00000
0.80000 0.51962 0.00000
0.85000 0.51962 0.00000
0.90000 0.51962 0.00000
0.95000 0.51962 0.00000
1.00000 0.51962 0.00000
1.05000 0.51962 0.00000
-0.97500 0.47631 0.00000
-0.92500 0.47631 0.00000
-0.87500 0.47631 0.00000
-0.82500 0.47631 0.00000
-0.77500 0.47631 0.00000
-0.72500 0.47631 0.00000
-0.67500 0.47631 0.00000
-0.62500 0.47631 0.00000
-0.57500 0.47631 0.00000
-0.52500 0.47631 0.00000
-0.47500 0.47631 0.00000
-0.42500 0.47631 0.00000
-0.37500 0.47631 0.00000
-0.32500 0.47631 0.00000
-0.27500 0.47631 0.00000
-0.22500 0.47631 0.00000
-0.17500 0.47631 0.00000
-0.12500 0.47631 0.00000
-0.07500 0.47631 0.00000
-0.02500 0.47631 0.00000
0.02500 0.47631 0.00000
0.07500 0.47631 0.00000
0.12500 0.47631 0.00000
0.17500 0.47631 0.00000
0.22500 0.47631 0.00000
0.27500 0.47631 0.00000
0.32500 0.47631 0.00000
0.37500 0.47631 0.00000
0.42500 0.47631 0.00000
0.47500 0.47631 0.00000
0.52500 0.47631 0.00000
0.57500 0.47631 0.00000
0.62500 0.47631 0.00000
0.67500 0.47631 0.00000
0.72500 0.47631 0.00000
0.77500 0.47631 0.00000
0.82500 0.47631 0.00000
0.87500 0.47631 0.00000
0.92500 0.47631 0.00000
0.97500 0.47631 0.00000
1.02500 0.47631 0.00000
1.07500 0.47631 0.00000
-1.00000 0.43301 0.00000
-0.95000 0.43301 0.00000
-0.90000 0.43301 0.00000
-0.85000 0.43301 0.00000
-0.80000 0.43301 0.00000
-0.75000 0.43301 0.00000
-0.70000 0.43301 0.00000
-0.65000 0.43301 0.00000
-0.60000 0.43301 0.00000
-0.55000 0.43301 0.00000
-0.50000 0.43301 0.00000
-0.45000 0.43301 0.00000
-0.40000 0.43301 0.00000
-0.35000 0.43301 0.00000
-0.30000 0.43301 0.00000
-0.25000 0.43301 0.00000
-0.20000 0.43301 0.00000
-0.15000 0.43301 0.00000
-0.10000 0.43301 0.00000
-0.05000 0.43301 0.00000
0.00000 0.43301 0.00000
0.05000 0.43301 0.00000
0.10000 0.43301 0.00000
0.15000 0.43301 0.00000
0.20000 0.43301 0.00000
0.25000 0.43301 0.00000
0.30000 0.43301 0.00000
0.35000 0.43301 0.00000
0.40000 0.43301 0.00000
0.45000 0.43301 0.00000
0.50000 0.43301 0.00000
0.55000 0.43301 0.00000
0.60000 0.43301 0.00000
0.65000 0.43301 0.00000
0.70000 0.43301 0.00000
0.75000 0.43301 0.00000
0.80000 0.43301 0.00000
0.85000 0.43301 0.00000
0.90000 0.43301 0.00000
0.95000 0.43301 0.00000
1.00000 0.43301 0.00000
1.05000 0.43301 0.00000
-1.02500 0.38971 0.00000
-0.97500 0.38971 0.00000
-0.92500 0.38971 0.00000
-0.87500 0.38971 0.00000
-0.82500 0.38971 0.00000
-0.77500 0.38971 0.00000
-0.72500 0.38971 0.00000
-0.67500 0.38971 0.00000
-0.62500 0.38971 0.00000
-0.57500 0.38971 0.00000
-0.52500 0.38971 0.00000
-0.47500 0.38971 0.00000
-0.42500 0.38971 0.00000
-0.37500 0.38971 0.00000
-0.32500 0.38971 0.00000
-0.27500 0.38971 0.00000
-0.22500 0.38971 0.00000
-0.17500 0.38971 0.00000
-0.12500 0.38971 0.00000
-0.07500 0.38971 0.00000
-0.02500 0.38971 0.00000
0.02500 0.38971 0.00000
0.07500 0.38971 0.00000
0.12500 0.38971 0.00000
0.17500 0.38971 0.00000
0.22500 0.38971 0.00000
0.27500 0.38971 0.00000
0.32500 0.38971 0.00000
0.37500 0.38971 0.00000
0.42500 0.38971 0.00000
0.47500 0.38971 0.00000
0.52500 0.38971 0.00000
0.57500 0.38971 0.00000
0.62500 0.38971 0.00000
0.67500 0.38971 0.00000
0.72500 0.38971 0.00000
0.77500 0.38971 0.00000
0.82500 0.38971 0.00000
0.87500 0.38971 0.00000
0.92500 0.38971 0.00000
0.97500 0.38971 0.00000
1.02500 0.38971 0.00000
-1.00000 0.34641 0.00000
-0.95000 0.34641 0.00000
-0.90000 0.34641 0.00000
-0.85000 0.34641 0.00000
-0.80000 0.34641 0.00000
-0.75000 0.34641 0.00000
-0.70000 0.34641 0.00000
-0.65000 0.34641 0.00000
-0.60000 0.34641 0.00000
-0.55000 0.34641 0.00000
-0.50000 0.34641 0.00000
-0.45000 0.34641 0.00000
-0.40000 0.34641 0.00000
-0.35000 0.34641 0.00000
-0.30000 0.34641 0.00000
-0.25000 0.34641 0.00000
-0.20000 0.34641 0.00000
-0.15000 0.34641 0.00000
-0.10000 0.34641 0.00000
-0.05000 0.34641 0.00000
0.00000 0.34641 0.00000
0.05000 0.34641 0.00000
0.10000 0.34641 0.00000
0.15000 0.34641 0.00000
0.20000 0.34641 0.00000
0.25000 0.34641 0.00000
0.30000 0.34641 0.00000
0.35000 0.34641 0.00000
0.40000 0.34641 0.00000
0.45000 0.34641 0.00000
0.50000 0.34641 0.00000
0.55000 0.34641 0.00000
0.60000 0.34641 0.00000
0.65000 0.34641 0.00000
0.70000 0.34641 0.00000
0.75000 0.34641 0.00000
0.80000 0.34641 0.00000
0.85000 0.34641 0.00000
0.90000 0.34641 0.00000
0.95000 0.34641 0.00000
1.00000 0.34641 0.00000
1.05000 0.34641 0.00000
-1.02500 0.30311 0.00000
-0.97500 0.30311 0.00000
-0.92500 0.30311 0.00000
-0.87500 0.30311 0.00000
-0.82500 0.30311 0.00000
-0.77500 0.30311 0.00000
-0.72500 0.30311 0.00000
-0.67500 0.30311 0.00000
-0.62500 0.30311 0.00000
-0.57500 0.30311 0.00000
-0.52500 0.30311 0.00000
-0.47500 0.30311 0.00000
-0.42500 0.30311 0.00000
-0.37500 0.30311 0.00000
-0.32500 0.30311 0.00000
-0.27500 0.30311 0.00000
-0.22500 0.30311 0.00000
-0.17500 0.30311 0.00000
-0.12500 0.30311 0.00000
-0.07500 0.30311 0.00000
-0.02500 0.30311 0.00000
0.02500 0.30311 0.00000
0.07500 0.30311 0.00000
0.12500 0.30311 0.00000
0.17500 0.30311 0.00000
0.22500 0.30311 0.00000
0.27500 0.30311 0.00000
0.32500 0.30311 0.00000
0.37500 0.30311 0.00000
0.42500 0.30311 0.00000
0.47500 0.30311 0.00000
0.52500 0.30311 0.00000
0.57500 0.30311 0.00000
0.62500 0.30311 0.00000
0.67500 0.30311 0.00000
0.72500 0.30311 0.00000
0.77500 0.30311 0.00000
0.82500 0.30311 0.00000
0.87500 0.30311 0.00000
0.92500 0.30311 0.00000
0.97500 0.30311 0.00000
1.02500 0.30311 0.00000
1.07500 0.30311 0.00000
1.12500 0.30311 0.00000
-1.05000 0.25981 0.00000
-1.00000 0.25981 0.00000
-0.95000 0.25981 0.00000
-0.90000 0.25981 0.00000
-0.85000 0.25981 0.00000
-0.80000 0.25981 0.00000
-0.75000 0.25981 0.00000
-0.70000 0.25981 0.00000
-0.65000 0.25981 0.00000
-0.60000 0.25981 0.00000
-0.55000 0.25981 0.00000
-0.50000 0.25981 0.00000
-0.45000 0.25981 0.00000
-0.40000 0.25981 0.00000
-0.35000 0.25981 0.00000
-0.30000 0.25981 0.00000
-0.25000 0.25981 0.00000
-0.20000 0.25981 0.00000
-0.15000 0.25981 0.00000
-0.10000 0.25981 0.00000
-0.05000 0.25981 0.00000
0.00000 0.25981 0.00000
0.05000 0.25981 0.00000
0.10000 0.25981 0.00000
0.15000 0.25981 0.00000
0.20000 0.25981 0.00000
0.25000 0.25981 0.00000
0.30000 0.25981 0.00000
0.35000 0.25981 0.00000
0.40000 0.25981 0.00000
0.45000 0.25981 0.00000
0.50000 0.25981 0.00000
0.55000 0.25981 0.00000
0.60000 0.25981 0.00000
0.65000 0.25981 0.00000
0.70000 0.25981 0.00000
0.75000 0.25981 0.00000
0.80000 0.25981 0.00000
0.85000 0.25981 0.00000
0.90000 0.25981 0.00000
0.95000 0.25981 0.00000
1.00000 0.25981 0.00000
1.05000 0.25981 0.00000
1.10000 0.25981 0.00000
1.15000 0.25981 0.00000
-1.02500 0.21651 0.00000
-0.97500 0.21651 0.00000
-0.92500 0.21651 0.00000
-0.87500 0.21651 0.00000
-0.82500 0.21651 0.00000
-0.77500 0.21651 0.00000
-0.72500 0.21651 0.00000
-0.67500 0.21651 0.00000
-0.62500 0.21651 0.00000
-0.57500 0.21651 0.00000
-0.52500 0.21651 0.00000
-0.47500 0.21651 0.00000
-0.42500 0.21651 0.00000
-0.37500 0.21651 0.00000
-0.32500 0.21651 0.00000
-0.27500 0.21651 0.00000
-0.22500 0.21651 0.00000
-0.17500 0.21651 0.00000
-0.12500 0.21651 0.00000
-0.07500 0.21651 0.00000
-0.02500 0.21651 0.00000
0.02500 0.21651 0.00000
0.07500 0.21651 0.00000
0.12500 0.21651 0.00000
0.17500 0.21651 0.00000
0.22500 0.21651 0.00000
0.27500 0.21651 0.00000
0.32500 0.21651 0.00000
0.37500 0.21651 0.00000
0.42500 0.21651 0.00000
0.47500 0.21651 0.00000
0.52500 0.21651 0.00000
0.57500 0.21651 0.00000
0.62500 0.21651 0.00000
0.67500 0.21651 0.00000
0.72500 0.21651 0.00000
0.77500 0.21651 0.00000
0.82500 0.21651 0.00000
0.87500 0.21651 0.00000
0.92500 0.21651 0.00000
0.97500 0.21651 0.00000
1.02500 0.21651 0.00000
1.07500 0.21651 0.00000
1.12500 0.21651 0.00000
-1.05000 0.17321 0.00000
-1.00000 0.17321 0.00000
-0.95000 0.17321 0.00000
-0.90000 0.17321 0.00000
-0.85000 0.17321 0.00000
-0.80000 0.17321 0.00000
-0.75000 0.17321 0.00000
-0.70000 0.17321 0.00000
-0.65000 0.17321 0.00000
-0.60000 0.17321 0.00000
-0.55000 0.17321 0.00000
-0.50000 0.17321 0.00000
-0.45000 0.17321 0.00000
-0.40000 0.17321 0.00000
-0.35000 0.17321 0.00000
-0.30000 0.17321 0.00000
-0.25000 0.17321 0.00000
-0.20000 0.17321 0.00000
-0.15000 0.17321 0.00000
-0.10000 0.17321 0.00000
-0.05000 0.17321 0.00000
0.00000 0.17321 0.00000
0.05000 0.17321 0.00000
0.10000 0.17321 0.00000
0.15000 0.17321 0.00000
0.20000 0.17321 0.00000
0.25000 0.17321 0.00000
0.30000 0.17321 0.00000
0.35000 0.17321 0.00000
0.40000 0.17321 0.00000
0.45000 0.17321 0.00000
0.50000 0.17321 0.00000
0.55000 0.17321 0.00000
0.60000 0.17321 0.00000
0.65000 0.17321 0.00000
0.70000 0.17321 0.00000
0.75000 0.17321 0.00000
0.80000 0.17321 0.00000
0.85000 0.17321 0.00000
0.90000 0.17321 0.00000
0.95000 0.17321 0.00000
1.00000 0.17321 0.00000
1.05000 0.17321 0.00000
1.10000 0.17321 0.00000
-1.07500 0.12990 0.00000
-1.02500 0.12990 0.00000
-0.97500 0.12990 0.00000
-0.92500 0.12990 0.00000
-0.87500 0.12990 0.00000
-0.82500 0.12990 0.00000
-0.77500 0.12990 0.00000
-0.72500 0.12990 0.00000
-0.67500 0.12990 0.00000
-0.62500 0.12990 0.00000
-0.57500 0.12990 0.00000
-0.52500 0.12990 0.00000
-0.47500 0.12990 0.00000
-0.42500 0.12990 0.00000
-0.37500 0.12990 0.00000
-0.32500 0.12990 0.00000
-0.27500 0.12990 0.00000
-0.22500 0.12990 0.00000
-0.17500 0.12990 0.00000
-0.12500 0.12990 0.00000
-0.07500 0.12990 0.00000
-0.02500 0.12990 0.00000
0.02500 0.12990 0.00000
0.07500 0.12990 0.00000
0.12500 0.12990 0.00000
0.17500 0.12990 0.00000
0.22500 0.12990 0.00000
0.27500 0.12990 0.00000
0.32500 0.12990 0.00000
0.37500 0.12990 0.00000
0.42500 0.12990 0.00000
0.47500 0.12990 0.00000
0.52500 0.12990 0.00000
0.57500 0.12990 0.00000
0.62500 0.12990 0.00000
0.67500 0.12990 0.00000
0.72500 0.12990 0.00000
0.77500 0.12990 0.00000
0.82500 0.12990 0.00000
0.87500 0.12990 0.00000
0.92500 0.12990 0.00000
0.97500 0.12990 0.00000
1.02500 0.12990 0.00000
1.07500 0.12990 0.00000
1.12500 0.12990 0.00000
-1.05000 0.08660 0.00000
-1.00000 0.08660 0.00000
-0.95000 0.08660 0.00000
-0.90000 0.08660 0.00000
-0.85000 0.08660 0.00000
-0.80000 0.08660 0.00000
-0.75000 0.08660 0.00000
-0.70000 0.08660 0.00000
-0.65000 0.08660 0.00000
-0.60000 0.08660 0.00000
-0.55000 0.08660 0.00000
-0.50000 0.08660 0.00000
-0.45000 0.08660 0.00000
-0.40000 0.08660 0.00000
-0.35000 0.08660 0.00000
-0.30000 0.08660 0.00000
-0.25000 0.08660 0.00000
-0.20000 0.08660 0.00000
-0.15000 0.08660 0.00000
-0.10000 0.08660 0.00000
-0.05000 0.08660 0.00000
0.00000 0.08660 0.00000
0.05000 0.08660 0.00000
0.10000 0.08660 0.00000
0.15000 0.08660 0.00000
0.20000 0.08660 0.00000
0.25000 0.08660 0.00000
0.30000 0.08660 0.00000
0.35000 0.08660 0.00000
0.40000 0.08660 0.00000
0.45000 0.08660 0.00000
0.50000 0.08660 0.00000
0.55000 0.08660 0.00000
0.60000 0.08660 0.00000
0.65000 0.08660 0.00000
0.70000 0.08660 0.00000
0.75000 0.08660 0.00000
0.80000 0.08660 0.00000
0.85000 0.08660 0.00000
0.90000 0.08660 0.00000
0.95000 0.08660 0.00000
1.00000 0.08660 0.00000
1.05000 0.08660 0.00000
1.10000 0.08660 0.00000
-1.07500 0.04330 0.00000
-1.02500 0.04330 0.00000
-0.97500 0.04330 0.00000
-0.92500 0.04330 0.00000
-0.87500 0.04330 0.00000
-0.82500 0.04330 0.00000
-0.77500 0.04330 0.00000
-0.72500 0.04330 0.00000
-0.67500 0.04330 0.00000
-0.62500 0.04330 0.00000
-0.57500 0.04330 0.00000
-0.52500 0.04330 0.00000
-0.47500 0.04330 0.00000
-0.42500 0.04330 0.00000
-0.37500 0.04330 0.00000
-0.32500 0.04330 0.00000
-0.27500 0.04330 0.00000
-0.22500 0.04330 0.00000
-0.17500 0.04330 0.00000
-0.12500 0.04330 0.00000
-0.07500 0.04330 0.00000
-0.02500 0.04330 0.00000
0.02500 0.04330 0.00000
0.07500 0.04330 0.00000
0.12500 0.04330 0.00000
0.17500 0.04330 0.00000
0.22500 0.04330 0.00000
0.27500 0.04330 0.00000
0.32500 0.04330 0.00000
0.37500 0.04330 0.00000
0.42500 0.04330 0.00000
0.47500 0.04330 0.00000
0.52500 0.04330 0.00000
0.57500 0.04330 0.00000
0.62500 0.04330 0.00000
0.67500 0.04330 0.00000
0.72500 0.04330 0.00000
0.77500 0.04330 0.00000
0.82500 0.04330 0.00000
0.87500 0.04330 0.00000
0.92500 0.04330 0.00000
0.97500 0.04330 0.00000
1.02500 0.04330 0.00000
1.07500 0.04330 0.00000
-1.10000 0.00000 0.00000
-1.05000 0.00000 0.00000
-1.00000 0.00000 0.00000
-0.95000 0.00000 0.00000
-0.90000 0.00000 0.00000
-0.85000 0.00000 0.00000
-0.80000 0.00000 0.00000
-0.75000 0.00000 0.00000
-0.70000 0.00000 0.00000
-0.65000 0.00000 0.00000
-0.60000 0.00000 0.00000
-0.55000 0.00000 0.00000
-0.50000 0.00000 0.00000
-0.45000 0.00000 0.00000
-0.40000 0.00000 0.00000
-0.35000 0.00000 0.00000
-0.30000 0.00000 0.00000
-0.25000 0.00000 0.00000
-0.20000 0.00000 0.00000
-0.15000 0.00000 0.00000
-0.10000 0.00000 0.00000
-0.05000 0.00000 0.00000
0.00000 0.00000 0.00000
0.05000 0.00000 0.00000
0.10000 0.00000 0.00000
0.15000 0.00000 0.00000
0.20000 -0.00000 0.00000
0.25000 -0.00000 0.00000
0.30000 -0.00000 0.00000
0.35000 -0.00000 0.00000
0.40000 -0.00000 0.00000
0.45000 -0.00000 0.00000
0.50000 -0.00000 0.00000
0.55000 -0.00000 0.00000
0.60000 -0.00000 0.00000
0.65000 -0.00000 0.00000
0.70000 -0.00000 0.00000
0.75000 -0.00000 0.00000
0.80000 -0.00000 0.00000
0.85000 -0.00000 0.00000
0.90000 -0.00000 0.00000
0.95000 -0.00000 0.00000
1.00000 0.00000 0.00000
1.05000 0.00000 0.00000
1.10000 0.00000 0.00000
-1.07500 -0.04330 0.00000
-1.02500 -0.04330 0.00000
-0.97500 -0.04330 0.00000
-0.92500 -0.04330 0.00000
-0.87500 -0.04330 0.00000
-0.82500 -0.04330 0.00000
-0.77500 -0.04330 0.00000
-0.72500 -0.04330 0.00000
-0.67500 -0.04330 0.00000
-0.62500 -0.04330 0.00000
-0.57500 -0.04330 0.00000
-0.52500 -0.04330 0.00000
-0.47500 -0.04330 0.00000
-0.42500 -0.04330 0.00000
-0.37500 -0.04330 0.00000
-0.32500 -0.04330 0.00000
-0.27500 -0.04330 0.00000
-0.22500 -0.04330 0.00000
-0.17500 -0.04330 0.00000
-0.12500 -0.04330 0.00000
-0.07500 -0.04330 0.00000
-0.02500 -0.04330 0.00000
0.02500 -0.04330 0.00000
0.07500 -0.04330 0.00000
0.12500 -0.04330 0.00000
0.17500 -0.04330 0.00000
0.22500 -0.04330 0.00000
0.27500 -0.04330 0.00000
0.32500 -0.04330 0.00000
0.37500 -0.04330 0.00000
0.42500 -0.04330 0.00000
0.47500 -0.04330 0.00000
0.52500 -0.04330 0.00000
0.57500 -0.04330 0.00000
0.62500 -0.04330 0.00000
0.67500 -0.04330 0.00000
0.72500 -0.04330 0.00000
0.77500 -0.04330 0.00000
0.82500 -0.04330 0.00000
0.87500 -0.04330 0.00000
0.92500 -0.04330 0.00000
0.97500 -0.04330 0.00000
1.02500 -0.04330 0.00000
1.07500 -0.04330 0.00000
-1.10000 -0.08660 0.00000
-1.05000 -0.08660 0.00000
-1.00000 -0.08660 0.00000
-0.95000 -0.08660 0.00000
-0.90000 -0.08660 0.00000
-0.85000 -0.08660 0.00000
-0.80000 -0.08660 0.00000
-0.75000 -0.08660 0.00000
-0.70000 -0.08660 0.00000
-0.65000 -0.08660 0.00000
-0.60000 -0.08660 0.00000
-0.55000 -0.08660 0.00000
-0.50000 -0.08660 0.00000
-0.45000 -0.08660 0.00000
-0.40000 -0.08660 0.00000
-0.35000 -0.08660 0.00000
-0.30000 -0.08660 0.00000
-0.25000 -0.08660 0.00000
-0.20000 -0.08660 0.00000
-0.15000 -0.08660 0.00000
-0.10000 -0.08660 0.00000
-0.05000 -0.08660 0.00000
0.00000 -0.08660 0.00000
0.05000 -0.08660 0.00000
0.10000 -0.08660 0.00000
0.15000 -0.08660 0.00000
0.20000 -0.08660 0.00000
0.25000 -0.08660 0.00000
0.30000 -0.08660 0.00000
0.35000 -0.08660 0.00000
0.40000 -0.08660 0.00000
0.45000 -0.08660 0.00000
0.50000 -0.08660 0.00000
0.55000 -0.08660 0.00000
0.60000 -0.08660 0.00000
0.65000 -0.08660 0.00000
0.70000 -0.08660 0.00000
0.75000 -0.08660 0.00000
0.80000 -0.08660 0.00000
0.85000 -0.08660 0.00000
0.90000 -0.08660 0.00000
0.95000 -0.08660 0.00000
1.00000 -0.08660 0.00000
1.05000 -0.08660 0.00000
-1.12500 -0.12990 0.00000
-1.07500 -0.12990 0.00000
-1.02500 -0.12990 0.00000
-0.97500 -0.12990 0.00000
-0.92500 -0.12990 0.00000
-0.87500 -0.12990 0.00000
-0.82500 -0.12990 0.00000
-0.77500 -0.12990 0.00000
-0.72500 -0.12990 0.00000
-0.67500 -0.12990 0.00000
-0.62500 -0.12990 0.00000
-0.57500 -0.12990 0.00000
-0.52500 -0.12990 0.00000
-0.47500 -0.12990 0.00000
-0.42500 -0.12990 0.00000
-0.37500 -0.12990 0.00000
-0.32500 -0.12990 0.00000
-0.27500 -0.12990 0.00000
-0.22500 -0.12990 0.00000
-0.17500 -0.12990 0.00000
-0.12500 -0.12990 0.00000
-0.07500 -0.12990 0.00000
-0.02500 -0.12990 0.00000
0.02500 -0.12990 0.00000
0.07500 -0.12990 0.00000
0.12500 -0.12990 0.00000
0.17500 -0.12990 0.00000
0.22500 -0.12990 0.00000
0.27500 -0.12990 0.00000
0.32500 -0.12990 0.00000
0.37500 -0.12990 0.00000
0.42500 -0.12990 0.00000
0.47500 -0.12990 0.00000
0.52500 -0.12990 0.00000
0.57500 -0.12990 0.00000
0.62500 -0.12990 0.00000
0.67500 -0.12990 0.00000
0.72500 -0.12990 0.00000
0.77500 -0.12990 0.00000
0.82500 -0.12990 0.00000
0.87500 -0.12990 0.00000
0.92500 -0.12990 0.00000
0.97500 -0.12990 0.00000
1.02500 -0.12990 0.00000
1.07500 -0.12990 0.00000
-1.10000 -0.17321 0.00000
-1.05000 -0.17321 0.00000
-1.00000 -0.17321 0.00000
-0.95000 -0.17321 0.00000
-0.90000 -0.17321 0.00000
-0.85000 -0.17321 0.00000
-0.80000 -0.17321 0.00000
-0.75000 -0.17321 0.00000
-0.70000 -0.17321 0.00000
-0.65000 -0.17321 0.00000
-0.60000 -0.17321 0.00000
-0.55000 -0.17321 0.00000
-0.50000 -0.17321 0.00000
-0.45000 -0.17321 0.00000
-0.40000 -0.17321 0.00000
-0.35000 -0.17321 0.00000
-0.30000 -0.17321 0.00000
-0.25000 -0.17321 0.00000
-0.20000 -0.17321 0.00000
-0.15000 -0.17321 1.00000
-0.10000 -0.17321 0.00000
-0.05000 -0.17321 0.00000
0.00000 -0.17321 0.00000
0.05000 -0.17321 0.00000
0.10000 -0.17321 0.00000
0.15000 -0.17321 0.00000
0.20000 -0.17321 0.00000
0.25000 -0.17321 0.00000
0.30000 -0.17321 0.00000
0.35000 -0.17321 0.00000
0.40000 -0.17321 0.00000
0.45000 -0.17321 0.00000
0.50000 -0.17321 0.00000
0.55000 -0.17321 0.00000
0.60000 -0.17321 0.00000
0.65000 -0.17321 0.00000
0.70000 -0.17321 0.00000
0.75000 -0.17321 0.00000
0.80000 -0.17321 0.00000
0.85000 -0.17321 0.00000
0.90000 -0.17321 0.00000
0.95000 -0.17321 0.00000
1.00000 -0.17321 0.00000
1.05000 -0.17321 0.00000
-1.12500 -0.21651 0.00000
-1.07500 -0.21651 0.00000
-1.02500 -0.21651 0.00000
-0.97500 -0.21651 0.00000
-0.92500 -0.21651 0.00000
-0.87500 -0.21651 0.00000
-0.82500 -0.21651 0.00000
-0.77500 -0.21651 0.00000
-0.72500 -0.21651 0.00000
-0.67500 -0.21651 0.00000
-0.62500 -0.21651 0.00000
-0.57500 -0.21651 0.00000
-0.52500 -0.21651 0.00000
-0.47500 -0.21651 0.00000
-0.42500 -0.21651 0.00000
-0.37500 -0.21651 0.00000
-0.32500 -0.21651 0.00000
-0.27500 -0.21651 0.00000
-0.22500 -0.21651 0.00000
-0.17500 -0.21651 1.00000
-0.12500 -0.21651 8.00000
-0.07500 -0.21651 3.00000
-0.02500 -0.21651 0.00000
0.02500 -0.21651 0.00000
0.07500 -0.21651 0.00000
0.12500 -0.21651 0.00000
0.17500 -0.21651 0.00000
0.22500 -0.21651 0.00000
0.27500 -0.21651 0.00000
0.32500 -0.21651 0.00000
0.37500 -0.21651 0.00000
0.42500 -0.21651 0.00000
0.47500 -0.21651 0.00000
0.52500 -0.21651 0.00000
0.57500 -0.21651 0.00000
0.62500 -0.21651 0.00000
0.67500 -0.21651 0.00000
0.72500 -0.21651 0.00000
0.77500 -0.21651 0.00000
0.82500 -0.21651 0.00000
0.87500 -0.21651 0.00000
0.92500 -0.21651 0.00000
0.97500 -0.21651 0.00000
1.02500 -0.21651 0.00000
-1.15000 -0.25981 0.00000
-1.10000 -0.25981 0.00000
-1.05000 -0.25981 0.00000
-1.00000 -0.25981 0.00000
-0.95000 -0.25981 0.00000
-0.90000 -0.25981 0.00000
-0.85000 -0.25981 0.00000
-0.80000 -0.25981 0.00000
-0.75000 -0.25981 0.00000
-0.70000 -0.25981 0.00000
-0.65000 -0.25981 0.00000
-0.60000 -0.25981 0.00000
-0.55000 -0.25981 0.00000
-0.50000 -0.25981 0.00000
-0.45000 -0.25981 0.00000
-0.40000 -0.25981 0.00000
-0.35000 -0.25981 0.00000
-0.30000 -0.25981 0.00000
-0.25000 -0.25981 1.00000
-0.20000 -0.25981 5.00000
-0.15000 -0.25981 25.00000
-0.10000 -0.25981 24.00000
-0.05000 -0.25981 0.00000
0.00000 -0.25981 0.00000
0.05000 -0.25981 0.00000
0.10000 -0.25981 0.00000
0.15000 -0.25981 0.00000
0.20000 -0.25981 0.00000
0.25000 -0.25981 0.00000
0.30000 -0.25981 0.00000
0.35000 -0.25981 0.00000
0.40000 -0.25981 0.00000
0.45000 -0.25981 0.00000
0.50000 -0.25981 0.00000
0.55000 -0.25981 0.00000
0.60000 -0.25981 0.00000
0.65000 -0.25981 0.00000
0.70000 -0.25981 0.00000
0.75000 -0.25981 0.00000
0.80000 -0.25981 0.00000
0.85000 -0.25981 0.00000
0.90000 -0.25981 0.00000
0.95000 -0.25981 0.00000
1.00000 -0.25981 0.00000
1.05000 -0.25981 0.00000
-1.12500 -0.30311 0.00000
-1.07500 -0.30311 0.00000
-1.02500 -0.30311 0.00000
-0.97500 -0.30311 0.00000
-0.92500 -0.30311 0.00000
-0.87500 -0.30311 0.00000
-0.82500 -0.30311 0.00000
-0.77500 -0.30311 0.00000
-0.72500 -0.30311 0.00000
-0.67500 -0.30311 0.00000
-0.62500 -0.30311 0.00000
-0.57500 -0.30311 0.00000
-0.52500 -0.30311 0.00000
-0.47500 -0.30311 0.00000
-0.42500 -0.30311 0.00000
-0.37500 -0.30311 0.00000
-0.32500 -0.30311 0.00000
-0.27500 -0.30311 0.00000
-0.22500 -0.30311 7.00000
-0.17500 -0.30311 17.00000
-0.12500 -0.30311 35.00000
-0.07500 -0.30311 9.00000
-0.02500 -0.30311 0.00000
0.02500 -0.30311 0.00000
0.07500 -0.30311 0.00000
0.12500 -0.30311 0.00000
0.17500 -0.30311 0.00000
0.22500 -0.30311 0.00000
0.27500 -0.30311 0.00000
0.32500 -0.30311 0.00000
0.37500 -0.30311 0.00000
0.42500 -0.30311 0.00000
0.47500 -0.30311 0.00000
0.52500 -0.30311 0.00000
0.57500 -0.30311 0.00000
0.62500 -0.30311 0.00000
0.67500 -0.30311 0.00000
0.72500 -0.30311 0.00000
0.77500 -0.30311 0.00000
0.82500 -0.30311 0.00000
0.87500 -0.30311 0.00000
0.92500 -0.30311 0.00000
0.97500 -0.30311 0.00000
1.02500 -0.30311 0.00000
-1.05000 -0.34641 0.00000
-1.00000 -0.34641 0.00000
-0.95000 -0.34641 0.00000
-0.90000 -0.34641 0.00000
-0.85000 -0.34641 0.00000
-0.80000 -0.34641 0.00000
-0.75000 -0.34641 0.00000
-0.70000 -0.34641 0.00000
-0.65000 -0.34641 0.00000
-0.60000 -0.34641 0.00000
-0.55000 -0.34641 0.00000
-0.50000 -0.34641 0.00000
-0.45000 -0.34641 0.00000
-0.40000 -0.34641 0.00000
-0.35000 -0.34641 0.00000
-0.30000 -0.34641 5.00000
-0.25000 -0.34641 6.00000
-0.20000 -0.34641 13.00000
-0.15000 -0.34641 31.00000
-0.10000 -0.34641 15.00000
-0.05000 -0.34641 3.00000
0.00000 -0.34641 0.00000
0.05000 -0.34641 0.00000
0.10000 -0.34641 0.00000
0.15000 -0.34641 0.00000
0.20000 -0.34641 0.00000
0.25000 -0.34641 0.00000
0.30000 -0.34641 0.00000
0.35000 -0.34641 0.00000
0.40000 -0.34641 0.00000
0.45000 -0.34641 0.00000
0.50000 -0.34641 0.00000
0.55000 -0.34641 0.00000
0.60000 -0.34641 0.00000
0.65000 -0.34641 0.00000
0.70000 -0.34641 0.00000
0.75000 -0.34641 0.00000
0.80000 -0.34641 0.00000
0.85000 -0.34641 0.00000
0.90000 -0.34641 0.00000
0.95000 -0.34641 0.00000
1.00000 -0.34641 0.00000
-1.02500 -0.38971 0.00000
-0.97500 -0.38971 0.00000
-0.92500 -0.38971 0.00000
-0.87500 -0.38971 0.00000
-0.82500 -0.38971 0.00000
-0.77500 -0.38971 0.00000
-0.72500 -0.38971 0.00000
-0.67500 -0.38971 0.00000
-0.62500 -0.38971 0.00000
-0.57500 -0.38971 0.00000
-0.52500 -0.38971 0.00000
-0.47500 -0.38971 0.00000
-0.42500 -0.38971 0.00000
-0.37500 -0.38971 1.00000
-0.32500 -0.38971 2.00000
-0.27500 -0.38971 4.00000
-0.22500 -0.38971 6.00000
-0.17500 -0.38971 30.00000
-0.12500 -0.38971 13.00000
-0.07500 -0.38971 5.00000
-0.02500 -0.38971 2.00000
0.02500 -0.38971 0.00000
0.07500 -0.38971 0.00000
0.12500 -0.38971 0.00000
0.17500 -0.38971 0.00000
0.22500 -0.38971 0.00000
0.27500 -0.38971 0.00000
0.32500 -0.38971 0.00000
0.37500 -0.38971 0.00000
0.42500 -0.38971 0.00000
0.47500 -0.38971 0.00000
0.52500 -0.38971 0.00000
0.57500 -0.38971 0.00000
0.62500 -0.38971 0.00000
0.67500 -0.38971 0.00000
0.72500 -0.38971 0.00000
0.77500 -0.38971 0.00000
0.82500 -0.38971 0.00000
0.87500 -0.38971 0.00000
0.92500 -0.38971 0.00000
0.97500 -0.38971 0.00000
1.02500 -0.38971 0.00000
-1.05000 -0.43301 0.00000
-1.00000 -0.43301 0.00000
-0.95000 -0.43301 0.00000
-0.90000 -0.43301 0.00000
-0.85000 -0.43301 0.00000
-0.80000 -0.43301 0.00000
-0.75000 -0.43301 0.00000
-0.70000 -0.43301 0.00000
-0.65000 -0.43301 0.00000
-0.60000 -0.43301 0.00000
-0.55000 -0.43301 0.00000
-0.50000 -0.43301 0.00000
-0.45000 -0.43301 0.00000
-0.40000 -0.43301 0.00000
-0.35000 -0.43301 1.00000
-0.30000 -0.43301 2.00000
-0.25000 -0.43301 10.00000
-0.20000 -0.43301 18.00000
-0.15000 -0.43301 14.00000
-0.10000 -0.43301 5.00000
-0.05000 -0.43301 3.00000
0.00000 -0.43301 0.00000
0.05000 -0.43301 0.00000
0.10000 -0.43301 0.00000
0.15000 -0.43301 0.00000
0.20000 -0.43301 0.00000
0.25000 -0.43301 0.00000
0.30000 -0.43301 0.00000
0.35000 -0.43301 0.00000
0.40000 -0.43301 0.00000
0.45000 -0.43301 0.00000
0.50000 -0.43301 0.00000
0.55000 -0.43301 0.00000
0.60000 -0.43301 0.00000
0.65000 -0.43301 0.00000
0.70000 -0.43301 0.00000
0.75000 -0.43301 0.00000
0.80000 -0.43301 0.00000
0.85000 -0.43301 0.00000
0.90000 -0.43301 0.00000
0.95000 -0.43301 0.00000
1.00000 -0.43301 0.00000
-1.07500 -0.47631 0.00000
-1.02500 -0.47631 0.00000
-0.97500 -0.47631 0.00000
-0.92500 -0.47631 0.00000
-0.87500 -0.47631 0.00000
-0.82500 -0.47631 0.00000
-0.77500 -0.47631 0.00000
-0.72500 -0.47631 0.00000
-0.67500 -0.47631 0.00000
-0.62500 -0.47631 0.00000
-0.57500 -0.47631 0.00000
-0.52500 -0.47631 0.00000
-0.47500 -0.47631 0.00000
-0.42500 -0.47631 1.00000
-0.37500 -0.47631 1.00000
-0.32500 -0.47631 2.00000
-0.27500 -0.47631 5.00000
-0.22500 -0.47631 8.00000
-0.17500 -0.47631 10.00000
-0.12500 -0.47631 4.00000
-0.07500 -0.47631 0.00000
-0.02500 -0.47631 0.00000
0.02500 -0.47631 0.00000
0.07500 -0.47631 0.00000
0.12500 -0.47631 0.00000
0.17500 -0.47631 0.00000
0.22500 -0.47631 0.00000
0.27500 -0.47631 0.00000
0.32500 -0.47631 0.00000
0.37500 -0.47631 0.00000
0.42500 -0.47631 0.00000
0.47500 -0.47631 0.00000
0.52500 -0.47631 0.00000
0.57500 -0.47631 0.00000
0.62500 -0.47631 0.00000
0.67500 -0.47631 0.00000
0.72500 -0.47631 0.00000
0.77500 -0.47631 0.00000
0.82500 -0.47631 0.00000
0.87500 -0.47631 0.00000
0.92500 -0.47631 0.00000
0.97500 -0.47631 0.00000
-1.05000 -0.51962 0.00000
-1.00000 -0.51962 0.00000
-0.95000 -0.51962 0.00000
-0.90000 -0.51962 0.00000
-0.85000 -0.51962 0.00000
-0.80000 -0.51962 0.00000
-0.75000 -0.51962 0.00000
-0.70000 -0.51962 0.00000
-0.65000 -0.51962 0.00000
-0.60000 -0.51962 0.00000
-0.55000 -0.51962 0.00000
-0.50000 -0.51962 0.00000
-0.45000 -0.51962 0.00000
-0.40000 -0.51962 0.00000
-0.35000 -0.51962 1.00000
-0.30000 -0.51962 3.00000
-0.25000 -0.51962 8.00000
-0.20000 -0.51962 9.00000
-0.15000 -0.51962 10.00000
-0.10000 -0.51962 1.00000
-0.05000 -0.51962 2.00000
0.00000 -0.51962 0.00000
0.05000 -0.51962 0.00000
0.10000 -0.51962 0.00000
0.15000 -0.51962 0.00000
0.20000 -0.51962 0.00000
0.25000 -0.51962 0.00000
0.30000 -0.51962 0.00000
0.35000 -0.51962 0.00000
0.40000 -0.51962 0.00000
0.45000 -0.51962 0.00000
0.50000 -0.51962 0.00000
0.55000 -0.51962 0.00000
0.60000 -0.51962 0.00000
0.65000 -0.51962 0.00000
0.70000 -0.51962 0.00000
0.75000 -0.51962 0.00000
0.80000 -0.51962 0.00000
0.85000 -0.51962 0.00000
0.90000 -0.51962 0.00000
0.95000 -0.51962 0.00000
1.00000 -0.51962 0.00000
-0.97500 -0.56292 0.00000
-0.92500 -0.56292 0.00000
-0.87500 -0.56292 0.00000
-0.82500 -0.56292 0.00000
-0.77500 -0.56292 0.00000
-0.72500 -0.56292 0.00000
-0.67500 -0.56292 0.00000
-0.62500 -0.56292 0.00000
-0.57500 -0.56292 0.00000
-0.52500 -0.56292 0.00000
-0.47500 -0.56292 0.00000
-0.42500 -0.56292 0.00000
-0.37500 -0.56292 0.00000
-0.32500 -0.56292 1.00000
-0.27500 -0.56292 4.00000
-0.22500 -0.56292 4.00000
-0.17500 -0.56292 9.00000
-0.12500 -0.56292 4.00000
-0.07500 -0.56292 3.00000
-0.02500 -0.56292 0.00000
0.02500 -0.56292 0.00000
0.07500 -0.56292 0.00000
0.12500 -0.56292 0.00000
0.17500 -0.56292 0.00000
0.22500 -0.56292 0.00000
0.27500 -0.56292 0.00000
0.32500 -0.56292 0.00000
0.37500 -0.56292 0.00000
0.42500 -0.56292 0.00000
0.47500 -0.56292 0.00000
0.52500 -0.56292 0.00000
0.57500 -0.56292 0.00000
0.62500 -0.56292 0.00000
0.67500 -0.56292 0.00000
0.72500 -0.56292 0.00000
0.77500 -0.56292 0.00000
0.82500 -0.56292 0.00000
0.87500 -0.56292 0.00000
0.92500 -0.56292 0.00000
0.97500 -0.56292 0.00000
-0.95000 -0.60622 0.00000
-0.90000 -0.60622 0.00000
-0.85000 -0.60622 0.00000
-0.80000 -0.60622 0.00000
-0.75000 -0.60622 0.00000
-0.70000 -0.60622 0.00000
-0.65000 -0.60622 0.00000
-0.60000 -0.60622 0.00000
-0.55000 -0.60622 0.00000
-0.50000 -0.60622 0.00000
-0.45000 -0.60622 0.00000
-0.40000 -0.60622 1.00000
-0.35000 -0.60622 2.00000
-0.30000 -0.60622 6.00000
-0.25000 -0.60622 8.00000
-0.20000 -0.60622 2.00000
-0.15000 -0.60622 2.00000
-0.10000 -0.60622 2.00000
-0.05000 -0.60622 0.00000
0.00000 -0.60622 0.00000
0.05000 -0.60622 0.00000
0.10000 -0.60622 0.00000
0.15000 -0.60622 0.00000
0.20000 -0.60622 0.00000
0.25000 -0.60622 0.00000
0.30000 -0.60622 0.00000
0.35000 -0.60622 0.00000
0.40000 -0.60622 0.00000
0.45000 -0.60622 0.00000
0.50000 -0.60622 0.00000
0.55000 -0.60622 0.00000
0.60000 -0.60622 0.00000
0.65000 -0.60622 0.00000
0.70000 -0.60622 0.00000
0.75000 -0.60622 0.00000
0.80000 -0.60622 0.00000
0.85000 -0.60622 0.00000
0.90000 -0.60622 0.00000
0.95000 -0.60622 0.00000
-0.87500 -0.64952 0.00000
-0.82500 -0.64952 0.00000
-0.77500 -0.64952 0.00000
-0.72500 -0.64952 0.00000
-0.67500 -0.64952 0.00000
-0.62500 -0.64952 0.00000
-0.57500 -0.64952 0.00000
-0.52500 -0.64952 0.00000
-0.47500 -0.64952 0.00000
-0.42500 -0.64952 0.00000
-0.37500 -0.64952 1.00000
-0.32500 -0.64952 3.00000
-0.27500 -0.64952 6.00000
-0.22500 -0.64952 1.00000
-0.17500 -0.64952 1.00000
-0.12500 -0.64952 2.00000
-0.07500 -0.64952 0.00000
-0.02500 -0.64952 0.00000
0.02500 -0.64952 0.00000
0.07500 -0.64952 0.00000
0.12500 -0.64952 0.00000
0.17500 -0.64952 0.00000
0.22500 -0.64952 0.00000
0.27500 -0.64952 0.00000
0.32500 -0.64952 0.00000
0.37500 -0.64952 0.00000
0.42500 -0.64952 0.00000
0.47500 -0.64952 0.00000
0.52500 -0.64952 0.00000
0.57500 -0.64952 0.00000
0.62500 -0.64952 0.00000
0.67500 -0.64952 0.00000
0.72500 -0.64952 0.00000
0.77500 -0.64952 0.00000
0.82500 -0.64952 0.00000
0.87500 -0.64952 0.00000
0.92500 -0.64952 0.00000
0.97500 -0.64952 0.00000
-0.85000 -0.69282 0.00000
-0.80000 -0.69282 0.00000
-0.75000 -0.69282 0.00000
-0.70000 -0.69282 0.00000
-0.65000 -0.69282 0.00000
-0.60000 -0.69282 0.00000
-0.55000 -0.69282 0.00000
-0.50000 -0.69282 0.00000
-0.45000 -0.69282 0.00000
-0.40000 -0.69282 2.00000
-0.35000 -0.69282 2.00000
-0.30000 -0.69282 4.00000
-0.25000 -0.69282 0.00000
-0.20000 -0.69282 0.00000
-0.15000 -0.69282 0.00000
-0.10000 -0.69282 0.00000
-0.05000 -0.69282 0.00000
0.00000 -0.69282 0.00000
0.05000 -0.69282 0.00000
0.10000 -0.69282 0.00000
0.15000 -0.69282 0.00000
0.20000 -0.69282 0.00000
0.25000 -0.69282 0.00000
0.30000 -0.69282 0.00000
0.35000 -0.69282 0.00000
0.40000 -0.69282 0.00000
0.45000 -0.69282 0.00000
0.50000 -0.69282 0.00000
0.55000 -0.69282 0.00000
0.60000 -0.69282 0.00000
0.65000 -0.69282 0.00000
0.70000 -0.69282 0.00000
0.75000 -0.69282 0.00000
0.80000 -0.69282 0.00000
0.85000 -0.69282 0.00000
0.90000 -0.69282 0.00000
0.95000 -0.69282 0.00000
-0.77500 -0.73612 0.00000
-0.72500 -0.73612 0.00000
-0.67500 -0.73612 0.00000
-0.62500 -0.73612 0.00000
-0.57500 -0.73612 0.00000
-0.52500 -0.73612 0.00000
-0.47500 -0.73612 0.00000
-0.42500 -0.73612 0.00000
-0.37500 -0.73612 1.00000
-0.32500 -0.73612 6.00000
-0.27500 -0.73612 2.00000
-0.22500 -0.73612 3.00000
-0.17500 -0.73612 1.00000
-0.12500 -0.73612 1.00000
-0.07500 -0.73612 0.00000
-0.02500 -0.73612 0.00000
0.02500 -0.73612 0.00000
0.07500 -0.73612 0.00000
0.12500 -0.73612 0.00000
0.17500 -0.73612 0.00000
0.22500 -0.73612 0.00000
0.27500 -0.73612 0.00000
0.32500 -0.73612 0.00000
0.37500 -0.73612 0.00000
0.42500 -0.73612 0.00000
0.47500 -0.73612 0.00000
0.52500 -0.73612 0.00000
0.57500 -0.73612 0.00000
0.62500 -0.73612 0.00000
0.67500 -0.73612 0.00000
0.72500 -0.73612 0.00000
0.77500 -0.73612 0.00000
0.82500 -0.73612 0.00000
-0.75000 -0.77942 0.00000
-0.70000 -0.77942 0.00000
-0.65000 -0.77942 0.00000
-0.60000 -0.77942 0.00000
-0.55000 -0.77942 0.00000
-0.50000 -0.77942 0.00000
-0.45000 -0.77942 0.00000
-0.40000 -0.77942 0.00000
-0.35000 -0.77942 0.00000
-0.30000 -0.77942 1.00000
-0.25000 -0.77942 3.00000
-0.20000 -0.77942 1.00000
-0.15000 -0.77942 0.00000
-0.10000 -0.77942 0.00000
-0.05000 -0.77942 0.00000
0.00000 -0.77942 0.00000
0.05000 -0.77942 0.00000
0.10000 -0.77942 0.00000
0.15000 -0.77942 0.00000
0.20000 -0.77942 0.00000
0.25000 -0.77942 0.00000
0.30000 -0.77942 0.00000
0.35000 -0.77942 0.00000
0.40000 -0.77942 0.00000
0.45000 -0.77942 0.00000
0.50000 -0.77942 0.00000
0.55000 -0.77942 0.00000
0.60000 -0.77942 0.00000
0.65000 -0.77942 0.00000
0.70000 -0.77942 0.00000
0.75000 -0.77942 0.00000
0.80000 -0.77942 0.00000
-0.67500 -0.82272 0.00000
-0.62500 -0.82272 0.00000
-0.57500 -0.82272 0.00000
-0.52500 -0.82272 0.00000
-0.47500 -0.82272 0.00000
-0.42500 -0.82272 0.00000
-0.37500 -0.82272 1.00000
-0.32500 -0.82272 0.00000
-0.27500 -0.82272 0.00000
-0.22500 -0.82272 0.00000
-0.17500 -0.82272 0.00000
-0.12500 -0.82272 0.00000
-0.07500 -0.82272 0.00000
-0.02500 -0.82272 0.00000
0.02500 -0.82272 0.00000
0.07500 -0.82272 0.00000
0.12500 -0.82272 0.00000
0.17500 -0.82272 0.00000
0.22500 -0.82272 0.00000
0.27500 -0.82272 0.00000
0.32500 -0.82272 0.00000
0.37500 -0.82272 0.00000
0.42500 -0.82272 0.00000
0.47500 -0.82272 0.00000
0.52500 -0.82272 0.00000
0.57500 -0.82272 0.00000
0.62500 -0.82272 0.00000
0.67500 -0.82272 0.00000
0.72500 -0.82272 0.00000
0.77500 -0.82272 0.00000
0.82500 -0.82272 0.00000
-0.65000 -0.86603 0.00000
-0.60000 -0.86603 0.00000
-0.55000 -0.86603 0.00000
-0.50000 -0.86603 0.00000
-0.45000 -0.86603 0.00000
-0.40000 -0.86603 1.00000
-0.35000 -0.86603 3.00000
-0.30000 -0.86603 0.00000
-0.25000 -0.86603 0.00000
-0.20000 -0.86603 1.00000
-0.15000 -0.86603 0.00000
-0.10000 -0.86603 0.00000
-0.05000 -0.86603 0.00000
0.00000 -0.86603 0.00000
0.05000 -0.86603 0.00000
0.10000 -0.86603 0.00000
0.15000 -0.86603 0.00000
0.20000 -0.86603 0.00000
0.25000 -0.86603 0.00000
0.30000 -0.86603 0.00000
0.35000 -0.86603 0.00000
0.40000 -0.86603 0.00000
0.45000 -0.86603 0.00000
0.50000 -0.86603 0.00000
0.55000 -0.86603 0.00000
0.60000 -0.86603 0.00000
0.65000 -0.86603 0.00000
0.70000 -0.86603 0.00000
0.75000 -0.86603 0.00000
0.80000 -0.86603 0.00000
-0.57500 -0.90933 0.00000
-0.52500 -0.90933 1.00000
-0.47500 -0.90933 0.00000
-0.42500 -0.90933 0.00000
-0.37500 -0.90933 2.00000
-0.32500 -0.90933 1.00000
-0.27500 -0.90933 1.00000
-0.22500 -0.90933 0.00000
-0.17500 -0.90933 0.00000
-0.12500 -0.90933 0.00000
-0.07500 -0.90933 0.00000
-0.02500 -0.90933 0.00000
0.02500 -0.90933 0.00000
0.07500 -0.90933 0.00000
0.12500 -0.90933 0.00000
0.17500 -0.90933 0.00000
0.22500 -0.90933 0.00000
0.27500 -0.90933 0.00000
0.32500 -0.90933 0.00000
0.37500 -0.90933 0.00000
0.42500 -0.90933 0.00000
0.47500 -0.90933 0.00000
0.52500 -0.90933 0.00000
0.57500 -0.90933 0.00000
0.62500 -0.90933 0.00000
0.67500 -0.90933 0.00000
-0.55000 -0.95263 0.00000
-0.50000 -0.95263 0.00000
-0.45000 -0.95263 0.00000
-0.40000 -0.95263 3.00000
-0.35000 -0.95263 0.00000
-0.30000 -0.95263 0.00000
-0.25000 -0.95263 0.00000
-0.20000 -0.95263 0.00000
-0.15000 -0.95263 0.00000
-0.10000 -0.95263 0.00000
-0.05000 -0.95263 0.00000
0.00000 -0.95263 0.00000
0.05000 -0.95263 0.00000
0.10000 -0.95263 0.00000
0.15000 -0.95263 0.00000
0.20000 -0.95263 0.00000
0.25000 -0.95263 0.00000
0.30000 -0.95263 0.00000
0.35000 -0.95263 0.00000
0.40000 -0.95263 0.00000
0.45000 -0.95263 0.00000
0.50000 -0.95263 0.00000
0.55000 -0.95263 0.00000
-0.47500 -0.99593 0.00000
-0.42500 -0.99593 1.00000
-0.37500 -0.99593 0.00000
-0.32500 -0.99593 0.00000
-0.27500 -0.99593 0.00000
-0.22500 -0.99593 0.00000
-0.17500 -0.99593 0.00000
-0.12500 -0.99593 0.00000
-0.07500 -0.99593 0.00000
-0.02500 -0.99593 0.00000
0.02500 -0.99593 0.00000
0.07500 -0.99593 0.00000
0.12500 -0.99593 0.00000
0.17500 -0.99593 0.00000
0.22500 -0.99593 0.00000
0.27500 -0.99593 0.00000
0.32500 -0.99593 0.00000
0.37500 -0.99593 0.00000
0.42500 -0.99593 0.00000
-0.45000 -1.03923 1.00000
-0.40000 -1.03923 1.00000
-0.35000 -1.03923 0.00000
-0.30000 -1.03923 0.00000
-0.25000 -1.03923 0.00000
-0.20000 -1.03923 0.00000
-0.15000 -1.03923 0.00000
-0.10000 -1.03923 0.00000
-0.05000 -1.03923 0.00000
0.00000 -1.03923 0.00000
0.05000 -1.03923 0.00000
0.10000 -1.03923 0.00000
0.15000 -1.03923 0.00000
0.20000 -1.03923 0.00000
0.25000 -1.03923 0.00000
0.30000 -1.03923 0.00000
-0.37500 -1.08253 1.00000
-0.32500 -1.08253 0.00000
-0.27500 -1.08253 0.00000
-0.22500 -1.08253 0.00000
-0.17500 -1.08253 0.00000
-0.12500 -1.08253 0.00000
-0.07500 -1.08253 0.00000
-0.02500 -1.08253 0.00000
0.02500 -1.08253 0.00000
0.07500 -1.08253 0.00000
0.12500 -1.08253 0.00000
0.17500 -1.08253 0.00000
-0.35000 -1.12583 0.00000
-0.30000 -1.12583 0.00000
-0.15000 -1.12583 0.00000
-0.10000 -1.12583 0.00000
-0.05000 -1.12583 0.00000
0.00000 -1.12583 0.00000
0.05000 -1.12583 0.00000
-0.12500 -1.16913 0.00000
-0.07500 -1.16913 0.00000
