0.07500 1.16913 0.00000
0.12500 1.16913 0.00000
-0.05000 1.12583 0.00000
0.00000 1.12583 0.00000
0.05000 1.12583 0.00000
0.10000 1.12583 0.00000
0.15000 1.12583 0.00000
0.30000 1.12583 0.00000
0.35000 1.12583 0.00000
-0.17500 1.08253 0.00000
-0.12500 1.08253 0.00000
-0.07500 1.08253 0.00000
-0.02500 1.08253 0.00000
0.02500 1.08253 0.00000
0.07500 1.08253 0.00000
0.12500 1.08253 0.00000
0.17500 1.08253 0.00000
0.22500 1.08253 0.00000
0.27500 1.08253 0.00000
0.32500 1.08253 0.00000
0.37500 1.08253 0.00000
-0.30000 1.03923 0.00000
-0.25000 1.03923 0.00000
-0.20000 1.03923 0.00000
-0.15000 1.03923 0.00000
-0.10000 1.03923 0.00000
-0.05000 1.03923 0.00000
0.00000 1.03923 0.00000
0.05000 1.03923 0.00000
0.10000 1.03923 0.00000
0.15000 1.03923 0.00000
0.20000 1.03923 0.00000
0.25000 1.03923 0.00000
0.30000 1.03923 0.00000
0.35000 1.03923 0.00000
0.40000 1.03923 0.00000
0.45000 1.03923 0.00000
-0.42500 0.99593 0.00000
-0.37500 0.99593 0.00000
-0.32500 0.99593 0.00000
-0.27500 0.99593 0.00000
-0.22500 0.99593 0.00000
-0.17500 0.99593 0.00000
-0.12500 0.99593 0.00000
-0.07500 0.99593 0.00000
-0.02500 0.99593 0.00000
0.02500 0.99593 0.00000
0.07500 0.99593 0.00000
0.12500 0.99593 0.00000
0.17500 0.99593 0.00000
0.22500 0.99593 0.00000
0.27500 0.99593 0.00000
0.32500 0.99593 0.00000
0.37500 0.99593 0.00000
0.42500 0.99593 0.00000
0.47500 0.99593 0.00000
-0.55000 0.95263 0.00000
-0.50000 0.95263 0.00000
-0.45000 0.95263 0.00000
-0.40000 0.95263 0.00000
-0.35000 0.95263 0.00000
-0.30000 0.95263 0.00000
-0.25000 0.95263 0.00000
-0.20000 0.95263 0.00000
-0.15000 0.95263 0.00000
-0.10000 0.95263 0.00000
-0.05000 0.95263 0.00000
0.00000 0.95263 0.00000
0.05000 0.95263 0.00000
0.10000 0.95263 0.00000
0.15000 0.95263 0.00000
0.20000 0.95263 0.00000
0.25000 0.95263 0.00000
0.30000 0.95263 0.00000
0.35000 0.95263 0.00000
0.40000 0.95263 0.00000
0.45000 0.95263 0.00000
0.50000 0.95263 0.00000
0.55000 0.95263 0.00000
-0.67500 0.90933 0.00000
-0.62500 0.90933 0.00000
-0.57500 0.90933 0.00000
-0.52500 0.90933 0.00000
-0.47500 0.90933 0.00000
-0.42500 0.90933 0.00000
-0.37500 0.90933 0.00000
-0.32500 0.90933 0.00000
-0.27500 0.90933 0.00000
-0.22500 0.90933 0.00000
-0.17500 0.90933 0.00000
-0.12500 0.90933 0.00000
-0.07500 0.90933 0.00000
-0.02500 0.90933 0.00000
0.02500 0.90933 0.00000
0.07500 0.90933 0.00000
0.12500 0.90933 0.00000
0.17500 0.90933 0.00000
0.22500 0.90933 0.00000
0.27500 0.90933 0.00000
0.32500 0.90933 0.00000
0.37500 0.90933 0.00000
0.42500 0.90933 0.00000
0.47500 0.90933 0.00000
0.52500 0.90933 0.00000
0.57500 0.90933 0.00000
-0.80000 0.86603 0.00000
-0.75000 0.86603 0.00000
-0.70000 0.86603 0.00000
-0.65000 0.86603 0.00000
-0.60000 0.86603 0.00000
-0.55000 0.86603 0.00000
-0.50000 0.86603 0.00000
-0.45000 0.86603 0.00000
-0.40000 0.86603 0.00000
-0.35000 0.86603 0.00000
-0.30000 0.86603 0.00000
-0.25000 0.86603 0.00000
-0.20000 0.86603 0.00000
-0.15000 0.86603 0.00000
-0.10000 0.86603 0.00000
-0.05000 0.86603 0.00000
0.00000 0.86603 0.00000
0.05000 0.86603 0.00000
0.10000 0.86603 0.00000
0.15000 0.86603 0.00000
0.20000 0.86603 0.00000
0.25000 0.86603 0.00000
0.30000 0.86603 0.00000
0.35000 0.86603 0.00000
0.40000 0.86603 0.00000
0.45000 0.86603 0.00000
0.50000 0.86603 0.00000
0.55000 0.86603 0.00000
0.60000 0.86603 0.00000
0.65000 0.86603 0.00000
-0.82500 0.82272 0.00000
-0.77500 0.82272 0.00000
-0.72500 0.82272 0.00000
-0.67500 0.82272 0.00000
-0.62500 0.82272 0.00000
-0.57500 0.82272 0.00000
-0.52500 0.82272 0.00000
-0.47500 0.82272 0.00000
-0.42500 0.82272 0.00000
-0.37500 0.82272 0.00000
-0.32500 0.82272 0.00000
-0.27500 0.82272 0.00000
-0.22500 0.82272 0.00000
-0.17500 0.82272 0.00000
-0.12500 0.82272 0.00000
-0.07500 0.82272 0.00000
-0.02500 0.82272 0.00000
0.02500 0.82272 0.00000
0.07500 0.82272 0.00000
0.12500 0.82272 0.00000
0.17500 0.82272 0.00000
0.22500 0.82272 0.00000
0.27500 0.82272 0.00000
0.32500 0.82272 0.00000
0.37500 0.82272 0.00000
0.42500 0.82272 0.00000
0.47500 0.82272 0.00000
0.52500 0.82272 0.00000
0.57500 0.82272 0.00000
0.62500 0.82272 0.00000
0.67500 0.82272 0.00000
-0.80000 0.77942 0.00000
-0.75000 0.77942 0.00000
-0.70000 0.77942 0.00000
-0.65000 0.77942 0.00000
-0.60000 0.77942 0.00000
-0.55000 0.77942 0.00000
-0.50000 0.77942 0.00000
-0.45000 0.77942 0.00000
-0.40000 0.77942 0.00000
-0.35000 0.77942 0.00000
-0.30000 0.77942 0.00000
-0.25000 0.77942 0.00000
-0.20000 0.77942 0.00000
-0.15000 0.77942 0.00000
-0.10000 0.77942 0.00000
-0.05000 0.77942 0.00000
0.00000 0.77942 0.00000
0.05000 0.77942 0.00000
0.10000 0.77942 0.00000
0.15000 0.77942 0.00000
0.20000 0.77942 0.00000
0.25000 0.77942 0.00000
0.30000 0.77942 0.00000
0.35000 0.77942 0.00000
0.40000 0.77942 0.00000
0.45000 0.77942 0.00000
0.50000 0.77942 0.00000
0.55000 0.77942 0.00000
0.60000 0.77942 0.00000
0.65000 0.77942 0.00000
0.70000 0.77942 0.00000
0.75000 0.77942 0.00000
-0.82500 0.73612 0.00000
-0.77500 0.73612 0.00000
-0.72500 0.73612 0.00000
-0.67500 0.73612 0.00000
-0.62500 0.73612 0.00000
-0.57500 0.73612 0.00000
-0.52500 0.73612 0.00000
-0.47500 0.73612 0.00000
-0.42500 0.73612 0.00000
-0.37500 0.73612 0.00000
-0.32500 0.73612 0.00000
-0.27500 0.73612 0.00000
-0.22500 0.73612 0.00000
-0.17500 0.73612 0.00000
-0.12500 0.73612 0.00000
-0.07500 0.73612 0.00000
-0.02500 0.73612 0.00000
0.02500 0.73612 0.00000
0.07500 0.73612 0.00000
0.12500 0.73612 0.00000
0.17500 0.73612 0.00000
0.22500 0.73612 0.00000
0.27500 0.73612 0.00000
0.32500 0.73612 0.00000
0.37500 0.73612 0.00000
0.42500 0.73612 0.00000
0.47500 0.73612 0.00000
0.52500 0.73612 0.00000
0.57500 0.73612 0.00000
0.62500 0.73612 0.00000
0.67500 0.73612 0.00000
0.72500 0.73612 0.00000
0.77500 0.73612 0.00000
-0.95000 0.69282 0.00000
-0.90000 0.69282 0.00000
-0.85000 0.69282 0.00000
-0.80000 0.69282 0.00000
-0.75000 0.69282 0.00000
-0.70000 0.69282 0.00000
-0.65000 0.69282 0.00000
-0.60000 0.69282 0.00000
-0.55000 0.69282 0.00000
-0.50000 0.69282 0.00000
-0.45000 0.69282 0.00000
-0.40000 0.69282 0.00000
-0.35000 0.69282 0.00000
-0.30000 0.69282 0.00000
-0.25000 0.69282 0.00000
-0.20000 0.69282 0.00000
-0.15000 0.69282 0.00000
-0.10000 0.69282 0.00000
-0.05000 0.69282 0.00000
0.00000 0.69282 0.00000
0.05000 0.69282 0.00000
0.10000 0.69282 0.00000
0.15000 0.69282 0.00000
0.20000 0.69282 0.00000
0.25000 0.69282 0.00000
0.30000 0.69282 0.00000
0.35000 0.69282 0.00000
0.40000 0.69282 0.00000
0.45000 0.69282 0.00000
0.50000 0.69282 0.00000
0.55000 0.69282 0.00000
0.60000 0.69282 0.00000
0.65000 0.69282 0.00000
0.70000 0.69282 0.00000
0.75000 0.69282 0.00000
0.80000 0.69282 0.00000
0.85000 0.69282 0.00000
-0.97500 0.64952 0.00000
-0.92500 0.64952 0.00000
-0.87500 0.64952 0.00000
-0.82500 0.64952 0.00000
-0.77500 0.64952 0.00000
-0.72500 0.64952 0.00000
-0.67500 0.64952 0.00000
-0.62500 0.64952 0.00000
-0.57500 0.64952 0.00000
-0.52500 0.64952 0.00000
-0.47500 0.64952 0.00000
-0.42500 0.64952 0.00000
-0.37500 0.64952 0.00000
-0.32500 0.64952 0.00000
-0.27500 0.64952 0.00000
-0.22500 0.64952 0.00000
-0.17500 0.64952 0.00000
-0.12500 0.64952 0.00000
-0.07500 0.64952 0.00000
-0.02500 0.64952 0.00000
0.02500 0.64952 0.00000
0.07500 0.64952 0.00000
0.12500 0.64952 0.00000
0.17500 0.64952 0.00000
0.22500 0.64952 0.00000
0.27500 0.64952 0.00000
0.32500 0.64952 0.00000
0.37500 0.64952 0.00000
0.42500 0.64952 0.00000
0.47500 0.64952 0.00000
0.52500 0.64952 0.00000
0.57500 0.64952 0.00000
0.62500 0.64952 0.00000
0.67500 0.64952 0.00000
0.72500 0.64952 0.00000
0.77500 0.64952 0.00000
0.82500 0.64952 0.00000
0.87500 0.64952 0.00000
-0.95000 0.60622 0.00000
-0.90000 0.60622 0.00000
-0.85000 0.60622 0.00000
-0.80000 0.60622 0.00000
-0.75000 0.60622 0.00000
-0.70000 0.60622 0.00000
-0.65000 0.60622 0.00000
-0.60000 0.60622 0.00000
-0.55000 0.60622 0.00000
-0.50000 0.60622 0.00000
-0.45000 0.60622 0.00000
-0.40000 0.60622 0.00000
-0.35000 0.60622 0.00000
-0.30000 0.60622 0.00000
-0.25000 0.60622 0.00000
-0.20000 0.60622 0.00000
-0.15000 0.60622 0.00000
-0.10000 0.60622 0.00000
-0.05000 0.60622 0.00000
0.00000 0.60622 0.00000
0.05000 0.60622 0.00000
0.10000 0.60622 0.00000
0.15000 0.60622 0.00000
0.20000 0.60622 0.00000
0.25000 0.60622 0.00000
0.30000 0.60622 0.00000
0.35000 0.60622 0.00000
0.40000 0.60622 0.00000
0.45000 0.60622 0.00000
0.50000 0.60622 0.00000
0.55000 0.60622 0.00000
0.60000 0.60622 0.00000
0.65000 0.60622 0.00000
0.70000 0.60622 0.00000
0.75000 0.60622 0.00000
0.80000 0.60622 0.00000
0.85000 0.60622 0.00000
0.90000 0.60622 0.00000
0.95000 0.60622 0.00000
-0.97500 0.56292 0.00000
-0.92500 0.56292 0.00000
-0.87500 0.56292 0.00000
-0.82500 0.56292 0.00000
-0.77500 0.56292 0.00000
-0.72500 0.56292 0.00000
-0.67500 0.56292 0.00000
-0.62500 0.56292 0.00000
-0.57500 0.56292 0.00000
-0.52500 0.56292 0.00000
-0.47500 0.56292 0.00000
-0.42500 0.56292 0.00000
-0.37500 0.56292 0.00000
-0.32500 0.56292 0.00000
-0.27500 0.56292 0.00000
-0.22500 0.56292 0.00000
-0.17500 0.56292 0.00000
-0.12500 0.56292 0.00000
-0.07500 0.56292 0.00000
-0.02500 0.56292 0.00000
0.02500 0.56292 0.00000
0.07500 0.56292 0.00000
0.12500 0.56292 0.00000
0.17500 0.56292 0.00000
0.22500 0.56292 0.00000
0.27500 0.56292 0.00000
0.32500 0.56292 0.00000
0.37500 0.56292 0.00000
0.42500 0.56292 0.00000
0.47500 0.56292 0.00000
0.52500 0.56292 0.00000
0.57500 0.56292 0.00000
0.62500 0.56292 0.00000
0.67500 0.56292 0.00000
0.72500 0.56292 0.00000
0.77500 0.56292 0.00000
0.82500 0.56292 0.00000
0.87500 0.56292 0.00000
0.92500 0.56292 0.00000
0.97500 0.56292 0.00000
-1.00000 0.51962 1.00000
-0.95000 0.51962 0.00000
-0.90000 0.51962 0.00000
-0.85000 0.51962 0.00000
-0.80000 0.51962 0.00000
-0.75000 0.51962 0.00000
-0.70000 0.51962 0.00000
-0.65000 0.51962 0.00000
-0.60000 0.51962 0.00000
-0.55000 0.51962 0.00000
-0.50000 0.51962 0.00000
-0.45000 0.51962 0.00000
-0.40000 0.51962 0.00000
-0.35000 0.51962 0.00000
-0.30000 0.51962 0.00000
-0.25000 0.51962 0.00000
-0.20000 0.51962 0.00000
-0.15000 0.51962 0.00000
-0.10000 0.51962 0.00000
-0.05000 0.51962 0.00000
0.00000 0.51962 0.00000
0.05000 0.51962 0.00000
0.10000 0.51962 0.00000
0.15000 0.51962 0.00000
0.20000 0.51962 0.00000
0.25000 0.51962 0.00000
0.30000 0.51962 0.00000
0.35000 0.51962 0.00000
0.40000 0.51962 0.00000
0.45000 0.51962 0.00000
0.50000 0.51962 0.00000
0.55000 0.51962 0.00000
0.60000 0.51962 0.00000
0.65000 0.51962 0.00000
0.70000 0.51962 0.00000
0.75000 0.51962 0.00000
0.80000 0.51962 0.00000
0.85000 0.51962 0.00000
0.90000 0.51962 0.00000
0.95000 0.51962 0.00000
1.00000 0.51962 0.00000
1.05000 0.51962 0.00000
-0.97500 0.47631 1.00000
-0.92500 0.47631 0.00000
-0.87500 0.47631 0.00000
-0.82500 0.47631 0.00000
-0.77500 0.47631 0.00000
-0.72500 0.47631 0.00000
-0.67500 0.47631 0.00000
-0.62500 0.47631 0.00000
-0.57500 0.47631 0.00000
-0.52500 0.47631 0.00000
-0.47500 0.47631 0.00000
-0.42500 0.47631 0.00000
-0.37500 0.47631 0.00000
-0.32500 0.47631 0.00000
-0.27500 0.47631 0.00000
-0.22500 0.47631 0.00000
-0.17500 0.47631 0.00000
-0.12500 0.47631 0.00000
-0.07500 0.47631 0.00000
-0.02500 0.47631 0.00000
0.02500 0.47631 0.00000
0.07500 0.47631 0.00000
0.12500 0.47631 0.00000
0.17500 0.47631 0.00000
0.22500 0.47631 0.00000
0.27500 0.47631 0.00000
0.32500 0.47631 0.00000
0.37500 0.47631 0.00000
0.42500 0.47631 0.00000
0.47500 0.47631 0.00000
0.52500 0.47631 0.00000
0.57500 0.47631 0.00000
0.62500 0.47631 0.00000
0.67500 0.47631 0.00000
0.72500 0.47631 0.00000
0.77500 0.47631 0.00000
0.82500 0.47631 0.00000
0.87500 0.47631 0.00000
0.92500 0.47631 0.00000
0.97500 0.47631 0.00000
1.02500 0.47631 0.00000
1.07500 0.47631 0.00000
-1.00000 0.43301 4.00000
-0.95000 0.43301 0.00000
-0.90000 0.43301 2.00000
-0.85000 0.43301 1.00000
-0.80000 0.43301 1.00000
-0.75000 0.43301 0.00000
-0.70000 0.43301 0.00000
-0.65000 0.43301 0.00000
-0.60000 0.43301 0.00000
-0.55000 0.43301 0.00000
-0.50000 0.43301 0.00000
-0.45000 0.43301 0.00000
-0.40000 0.43301 0.00000
-0.35000 0.43301 0.00000
-0.30000 0.43301 0.00000
-0.25000 0.43301 0.00000
-0.20000 0.43301 0.00000
-0.15000 0.43301 0.00000
-0.10000 0.43301 0.00000
-0.05000 0.43301 0.00000
0.00000 0.43301 0.00000
0.05000 0.43301 0.00000
0.10000 0.43301 0.00000
0.15000 0.43301 0.00000
0.20000 0.43301 0.00000
0.25000 0.43301 0.00000
0.30000 0.43301 0.00000
0.35000 0.43301 0.00000
0.40000 0.43301 0.00000
0.45000 0.43301 0.00000
0.50000 0.43301 0.00000
0.55000 0.43301 0.00000
0.60000 0.43301 0.00000
0.65000 0.43301 0.00000
0.70000 0.43301 0.00000
0.75000 0.43301 0.00000
0.80000 0.43301 0.00000
0.85000 0.43301 0.00000
0.90000 0.43301 0.00000
0.95000 0.43301 0.00000
1.00000 0.43301 0.00000
1.05000 0.43301 0.00000
-1.02500 0.38971 3.00000
-0.97500 0.38971 3.00000
-0.92500 0.38971 5.00000
-0.87500 0.38971 2.00000
-0.82500 0.38971 1.00000
-0.77500 0.38971 0.00000
-0.72500 0.38971 2.00000
-0.67500 0.38971 0.00000
-0.62500 0.38971 0.00000
-0.57500 0.38971 0.00000
-0.52500 0.38971 0.00000
-0.47500 0.38971 0.00000
-0.42500 0.38971 0.00000
-0.37500 0.38971 0.00000
-0.32500 0.38971 0.00000
-0.27500 0.38971 0.00000
-0.22500 0.38971 0.00000
-0.17500 0.38971 0.00000
-0.12500 0.38971 0.00000
-0.07500 0.38971 0.00000
-0.02500 0.38971 0.00000
0.02500 0.38971 0.00000
0.07500 0.38971 0.00000
0.12500 0.38971 0.00000
0.17500 0.38971 0.00000
0.22500 0.38971 0.00000
0.27500 0.38971 0.00000
0.32500 0.38971 0.00000
0.37500 0.38971 0.00000
0.42500 0.38971 0.00000
0.47500 0.38971 0.00000
0.52500 0.38971 0.00000
0.57500 0.38971 0.00000
0.62500 0.38971 0.00000
0.67500 0.38971 0.00000
0.72500 0.38971 0.00000
0.77500 0.38971 0.00000
0.82500 0.38971 0.00000
0.87500 0.38971 0.00000
0.92500 0.38971 0.00000
0.97500 0.38971 0.00000
1.02500 0.38971 0.00000
-1.00000 0.34641 4.00000
-0.95000 0.34641 2.00000
-0.90000 0.34641 6.00000
-0.85000 0.34641 3.00000
-0.80000 0.34641 1.00000
-0.75000 0.34641 5.00000
-0.70000 0.34641 0.00000
-0.65000 0.34641 0.00000
-0.60000 0.34641 0.00000
-0.55000 0.34641 0.00000
-0.50000 0.34641 0.00000
-0.45000 0.34641 0.00000
-0.40000 0.34641 0.00000
-0.35000 0.34641 0.00000
-0.30000 0.34641 0.00000
-0.25000 0.34641 0.00000
-0.20000 0.34641 0.00000
-0.15000 0.34641 0.00000
-0.10000 0.34641 0.00000
-0.05000 0.34641 0.00000
0.00000 0.34641 0.00000
0.05000 0.34641 0.00000
0.10000 0.34641 0.00000
0.15000 0.34641 0.00000
0.20000 0.34641 0.00000
0.25000 0.34641 0.00000
0.30000 0.34641 0.00000
0.35000 0.34641 0.00000
0.40000 0.34641 0.00000
0.45000 0.34641 0.00000
0.50000 0.34641 0.00000
0.55000 0.34641 0.00000
0.60000 0.34641 0.00000
0.65000 0.34641 0.00000
0.70000 0.34641 0.00000
0.75000 0.34641 0.00000
0.80000 0.34641 0.00000
0.85000 0.34641 0.00000
0.90000 0.34641 0.00000
0.95000 0.34641 0.00000
1.00000 0.34641 0.00000
1.05000 0.34641 0.00000
-1.02500 0.30311 9.00000
-0.97500 0.30311 11.00000
-0.92500 0.30311 12.00000
-0.87500 0.30311 13.00000
-0.82500 0.30311 7.00000
-0.77500 0.30311 7.00000
-0.72500 0.30311 5.00000
-0.67500 0.30311 3.00000
-0.62500 0.30311 1.00000
-0.57500 0.30311 0.00000
-0.52500 0.30311 0.00000
-0.47500 0.30311 0.00000
-0.42500 0.30311 0.00000
-0.37500 0.30311 0.00000
-0.32500 0.30311 0.00000
-0.27500 0.30311 0.00000
-0.22500 0.30311 1.00000
-0.17500 0.30311 1.00000
-0.12500 0.30311 1.00000
-0.07500 0.30311 1.00000
-0.02500 0.30311 1.00000
0.02500 0.30311 1.00000
0.07500 0.30311 0.00000
0.12500 0.30311 0.00000
0.17500 0.30311 0.00000
0.22500 0.30311 0.00000
0.27500 0.30311 0.00000
0.32500 0.30311 0.00000
0.37500 0.30311 0.00000
0.42500 0.30311 0.00000
0.47500 0.30311 0.00000
0.52500 0.30311 0.00000
0.57500 0.30311 0.00000
0.62500 0.30311 0.00000
0.67500 0.30311 0.00000
0.72500 0.30311 0.00000
0.77500 0.30311 0.00000
0.82500 0.30311 0.00000
0.87500 0.30311 0.00000
0.92500 0.30311 0.00000
0.97500 0.30311 0.00000
1.02500 0.30311 0.00000
1.07500 0.30311 0.00000
1.12500 0.30311 0.00000
-1.05000 0.25981 2.00000
-1.00000 0.25981 2.00000
-0.95000 0.25981 9.00000
-0.90000 0.25981 14.00000
-0.85000 0.25981 17.00000
-0.80000 0.25981 14.00000
-0.75000 0.25981 14.00000
-0.70000 0.25981 15.00000
-0.65000 0.25981 2.00000
-0.60000 0.25981 2.00000
-0.55000 0.25981 1.00000
-0.50000 0.25981 0.00000
-0.45000 0.25981 0.00000
-0.40000 0.25981 0.00000
-0.35000 0.25981 0.00000
-0.30000 0.25981 0.00000
-0.25000 0.25981 0.00000
-0.20000 0.25981 1.00000
-0.15000 0.25981 2.00000
-0.10000 0.25981 2.00000
-0.05000 0.25981 3.00000
0.00000 0.25981 3.00000
0.05000 0.25981 0.00000
0.10000 0.25981 0.00000
0.15000 0.25981 0.00000
0.20000 0.25981 0.00000
0.25000 0.25981 0.00000
0.30000 0.25981 0.00000
0.35000 0.25981 0.00000
0.40000 0.25981 0.00000
0.45000 0.25981 0.00000
0.50000 0.25981 0.00000
0.55000 0.25981 0.00000
0.60000 0.25981 0.00000
0.65000 0.25981 0.00000
0.70000 0.25981 0.00000
0.75000 0.25981 0.00000
0.80000 0.25981 0.00000
0.85000 0.25981 0.00000
0.90000 0.25981 0.00000
0.95000 0.25981 0.00000
1.00000 0.25981 0.00000
1.05000 0.25981 0.00000
1.10000 0.25981 0.00000
1.15000 0.25981 0.00000
-1.02500 0.21651 3.00000
-0.97500 0.21651 3.00000
-0.92500 0.21651 5.00000
-0.87500 0.21651 8.00000
-0.82500 0.21651 9.00000
-0.77500 0.21651 9.00000
-0.72500 0.21651 19.00000
-0.67500 0.21651 18.00000
-0.62500 0.21651 10.00000
-0.57500 0.21651 6.00000
-0.52500 0.21651 1.00000
-0.47500 0.21651 0.00000
-0.42500 0.21651 0.00000
-0.37500 0.21651 0.00000
-0.32500 0.21651 1.00000
-0.27500 0.21651 0.00000
-0.22500 0.21651 2.00000
-0.17500 0.21651 10.00000
-0.12500 0.21651 8.00000
-0.07500 0.21651 8.00000
-0.02500 0.21651 1.00000
0.02500 0.21651 4.00000
0.07500 0.21651 1.00000
0.12500 0.21651 0.00000
0.17500 0.21651 0.00000
0.22500 0.21651 0.00000
0.27500 0.21651 0.00000
0.32500 0.21651 0.00000
0.37500 0.21651 0.00000
0.42500 0.21651 0.00000
0.47500 0.21651 0.00000
0.52500 0.21651 0.00000
0.57500 0.21651 0.00000
0.62500 0.21651 0.00000
0.67500 0.21651 0.00000
0.72500 0.21651 0.00000
0.77500 0.21651 0.00000
0.82500 0.21651 0.00000
0.87500 0.21651 0.00000
0.92500 0.21651 0.00000
0.97500 0.21651 0.00000
1.02500 0.21651 0.00000
1.07500 0.21651 0.00000
1.12500 0.21651 0.00000
-1.05000 0.17321 0.00000
-1.00000 0.17321 2.00000
-0.95000 0.17321 3.00000
-0.90000 0.17321 3.00000
-0.85000 0.17321 8.00000
-0.80000 0.17321 4.00000
-0.75000 0.17321 3.00000
-0.70000 0.17321 8.00000
-0.65000 0.17321 6.00000
-0.60000 0.17321 19.00000
-0.55000 0.17321 14.00000
-0.50000 0.17321 2.00000
-0.45000 0.17321 0.00000
-0.40000 0.17321 0.00000
-0.35000 0.17321 0.00000
-0.30000 0.17321 1.00000
-0.25000 0.17321 2.00000
-0.20000 0.17321 2.00000
-0.15000 0.17321 10.00000
-0.10000 0.17321 17.00000
-0.05000 0.17321 10.00000
0.00000 0.17321 8.00000
0.05000 0.17321 3.00000
0.10000 0.17321 0.00000
0.15000 0.17321 0.00000
0.20000 0.17321 0.00000
0.25000 0.17321 0.00000
0.30000 0.17321 0.00000
0.35000 0.17321 0.00000
0.40000 0.17321 0.00000
0.45000 0.17321 0.00000
0.50000 0.17321 0.00000
0.55000 0.17321 0.00000
0.60000 0.17321 0.00000
0.65000 0.17321 0.00000
0.70000 0.17321 0.00000
0.75000 0.17321 0.00000
0.80000 0.17321 0.00000
0.85000 0.17321 0.00000
0.90000 0.17321 0.00000
0.95000 0.17321 0.00000
1.00000 0.17321 0.00000
1.05000 0.17321 0.00000
1.10000 0.17321 0.00000
-1.07500 0.12990 0.00000
-1.02500 0.12990 0.00000
-0.97500 0.12990 1.00000
-0.92500 0.12990 2.00000
-0.87500 0.12990 1.00000
-0.82500 0.12990 4.00000
-0.77500 0.12990 4.00000
-0.72500 0.12990 1.00000
-0.67500 0.12990 3.00000
-0.62500 0.12990 1.00000
-0.57500 0.12990 2.00000
-0.52500 0.12990 0.00000
-0.47500 0.12990 0.00000
-0.42500 0.12990 0.00000
-0.37500 0.12990 0.00000
-0.32500 0.12990 0.00000
-0.27500 0.12990 0.00000
-0.22500 0.12990 4.00000
-0.17500 0.12990 4.00000
-0.12500 0.12990 23.00000
-0.07500 0.12990 31.00000
-0.02500 0.12990 15.00000
0.02500 0.12990 6.00000
0.07500 0.12990 3.00000
0.12500 0.12990 0.00000
0.17500 0.12990 0.00000
0.22500 0.12990 0.00000
0.27500 0.12990 0.00000
0.32500 0.12990 0.00000
0.37500 0.12990 0.00000
0.42500 0.12990 0.00000
0.47500 0.12990 0.00000
0.52500 0.12990 0.00000
0.57500 0.12990 0.00000
0.62500 0.12990 0.00000
0.67500 0.12990 0.00000
0.72500 0.12990 0.00000
0.77500 0.12990 0.00000
0.82500 0.12990 0.00000
0.87500 0.12990 0.00000
0.92500 0.12990 0.00000
0.97500 0.12990 0.00000
1.02500 0.12990 0.00000
1.07500 0.12990 0.00000
1.12500 0.12990 0.00000
-1.05000 0.08660 0.00000
-1.00000 0.08660 0.00000
-0.95000 0.08660 0.00000
-0.90000 0.08660 0.00000
-0.85000 0.08660 1.00000
-0.80000 0.08660 1.00000
-0.75000 0.08660 1.00000
-0.70000 0.08660 0.00000
-0.65000 0.08660 0.00000
-0.60000 0.08660 0.00000
-0.55000 0.08660 0.00000
-0.50000 0.08660 0.00000
-0.45000 0.08660 0.00000
-0.40000 0.08660 0.00000
-0.35000 0.08660 0.00000
-0.30000 0.08660 0.00000
-0.25000 0.08660 2.00000
-0.20000 0.08660 3.00000
-0.15000 0.08660 6.00000
-0.10000 0.08660 38.00000
-0.05000 0.08660 90.00000
0.00000 0.08660 18.00000
0.05000 0.08660 8.00000
0.10000 0.08660 2.00000
0.15000 0.08660 0.00000
0.20000 0.08660 0.00000
0.25000 0.08660 0.00000
0.30000 0.08660 0.00000
0.35000 0.08660 0.00000
0.40000 0.08660 0.00000
0.45000 0.08660 0.00000
0.50000 0.08660 0.00000
0.55000 0.08660 0.00000
0.60000 0.08660 0.00000
0.65000 0.08660 0.00000
0.70000 0.08660 0.00000
0.75000 0.08660 0.00000
0.80000 0.08660 0.00000
0.85000 0.08660 0.00000
0.90000 0.08660 0.00000
0.95000 0.08660 0.00000
1.00000 0.08660 0.00000
1.05000 0.08660 0.00000
1.10000 0.08660 0.00000
-1.07500 0.04330 0.00000
-1.02500 0.04330 0.00000
-0.97500 0.04330 0.00000
-0.92500 0.04330 0.00000
-0.87500 0.04330 0.00000
-0.82500 0.04330 0.00000
-0.77500 0.04330 0.00000
-0.72500 0.04330 0.00000
-0.67500 0.04330 0.00000
-0.62500 0.04330 0.00000
-0.57500 0.04330 0.00000
-0.52500 0.04330 0.00000
-0.47500 0.04330 0.00000
-0.42500 0.04330 0.00000
-0.37500 0.04330 0.00000
-0.32500 0.04330 0.00000
-0.27500 0.04330 0.00000
-0.22500 0.04330 2.00000
-0.17500 0.04330 5.00000
-0.12500 0.04330 13.00000
-0.07500 0.04330 29.00000
-0.02500 0.04330 28.00000
0.02500 0.04330 13.00000
0.07500 0.04330 2.00000
0.12500 0.04330 0.00000
0.17500 0.04330 0.00000
0.22500 0.04330 0.00000
0.27500 0.04330 0.00000
0.32500 0.04330 0.00000
0.37500 0.04330 0.00000
0.42500 0.04330 0.00000
0.47500 0.04330 0.00000
0.52500 0.04330 0.00000
0.57500 0.04330 0.00000
0.62500 0.04330 0.00000
0.67500 0.04330 0.00000
0.72500 0.04330 0.00000
0.77500 0.04330 0.00000
0.82500 0.04330 0.00000
0.87500 0.04330 0.00000
0.92500 0.04330 0.00000
0.97500 0.04330 0.00000
1.02500 0.04330 0.00000
1.07500 0.04330 0.00000
-1.10000 0.00000 0.00000
-1.05000 0.00000 0.00000
-1.00000 0.00000 0.00000
-0.95000 0.00000 0.00000
-0.90000 0.00000 0.00000
-0.85000 0.00000 0.00000
-0.80000 0.00000 0.00000
-0.75000 0.00000 0.00000
-0.70000 0.00000 0.00000
-0.65000 0.00000 0.00000
-0.60000 0.00000 0.00000
-0.55000 0.00000 0.00000
-0.50000 0.00000 0.00000
-0.45000 0.00000 0.00000
-0.40000 0.00000 0.00000
-0.35000 0.00000 0.00000
-0.30000 0.00000 0.00000
-0.25000 0.00000 0.00000
-0.20000 0.00000 2.00000
-0.15000 0.00000 5.00000
-0.10000 0.00000 7.00000
-0.05000 0.00000 11.00000
0.00000 0.00000 5.00000
0.05000 0.00000 0.00000
0.10000 0.00000 0.00000
0.15000 0.00000 0.00000
0.20000 -0.00000 0.00000
0.25000 -0.00000 0.00000
0.30000 -0.00000 0.00000
0.35000 -0.00000 0.00000
0.40000 -0.00000 0.00000
0.45000 -0.00000 0.00000
0.50000 -0.00000 0.00000
0.55000 -0.00000 0.00000
0.60000 -0.00000 0.00000
0.65000 -0.00000 0.00000
0.70000 -0.00000 0.00000
0.75000 -0.00000 0.00000
0.80000 -0.00000 0.00000
0.85000 -0.00000 0.00000
0.90000 -0.00000 0.00000
0.95000 -0.00000 0.00000
1.00000 0.00000 0.00000
1.05000 0.00000 0.00000
1.10000 0.00000 0.00000
-1.07500 -0.04330 0.00000
-1.02500 -0.04330 0.00000
-0.97500 -0.04330 0.00000
-0.92500 -0.04330 0.00000
-0.87500 -0.04330 0.00000
-0.82500 -0.04330 0.00000
-0.77500 -0.04330 0.00000
-0.72500 -0.04330 0.00000
-0.67500 -0.04330 0.00000
-0.62500 -0.04330 0.00000
-0.57500 -0.04330 0.00000
-0.52500 -0.04330 0.00000
-0.47500 -0.04330 0.00000
-0.42500 -0.04330 0.00000
-0.37500 -0.04330 0.00000
-0.32500 -0.04330 0.00000
-0.27500 -0.04330 0.00000
-0.22500 -0.04330 1.00000
-0.17500 -0.04330 1.00000
-0.12500 -0.04330 1.00000
-0.07500 -0.04330 7.00000
-0.02500 -0.04330 5.00000
0.02500 -0.04330 2.00000
0.07500 -0.04330 0.00000
0.12500 -0.04330 0.00000
0.17500 -0.04330 0.00000
0.22500 -0.04330 0.00000
0.27500 -0.04330 0.00000
0.32500 -0.04330 0.00000
0.37500 -0.04330 0.00000
0.42500 -0.04330 0.00000
0.47500 -0.04330 0.00000
0.52500 -0.04330 0.00000
0.57500 -0.04330 0.00000
0.62500 -0.04330 0.00000
0.67500 -0.04330 0.00000
0.72500 -0.04330 0.00000
0.77500 -0.04330 0.00000
0.82500 -0.04330 0.00000
0.87500 -0.04330 0.00000
0.92500 -0.04330 0.00000
0.97500 -0.04330 0.00000
1.02500 -0.04330 0.00000
1.07500 -0.04330 0.00000
-1.10000 -0.08660 0.00000
-1.05000 -0.08660 0.00000
-1.00000 -0.08660 0.00000
-0.95000 -0.08660 0.00000
-0.90000 -0.08660 0.00000
-0.85000 -0.08660 0.00000
-0.80000 -0.08660 0.00000
-0.75000 -0.08660 0.00000
-0.70000 -0.08660 0.00000
-0.65000 -0.08660 0.00000
-0.60000 -0.08660 0.00000
-0.55000 -0.08660 0.00000
-0.50000 -0.08660 0.00000
-0.45000 -0.08660 0.00000
-0.40000 -0.08660 0.00000
-0.35000 -0.08660 0.00000
-0.30000 -0.08660 0.00000
-0.25000 -0.08660 0.00000
-0.20000 -0.08660 0.00000
-0.15000 -0.08660 0.00000
-0.10000 -0.08660 2.00000
-0.05000 -0.08660 0.00000
0.00000 -0.08660 1.00000
0.05000 -0.08660 0.00000
0.10000 -0.08660 0.00000
0.15000 -0.08660 0.00000
0.20000 -0.08660 0.00000
0.25000 -0.08660 0.00000
0.30000 -0.08660 0.00000
0.35000 -0.08660 0.00000
0.40000 -0.08660 0.00000
0.45000 -0.08660 0.00000
0.50000 -0.08660 0.00000
0.55000 -0.08660 0.00000
0.60000 -0.08660 0.00000
0.65000 -0.08660 0.00000
0.70000 -0.08660 0.00000
0.75000 -0.08660 0.00000
0.80000 -0.08660 1.00000
0.85000 -0.08660 0.00000
0.90000 -0.08660 0.00000
0.95000 -0.08660 0.00000
1.00000 -0.08660 0.00000
1.05000 -0.08660 0.00000
-1.12500 -0.12990 0.00000
-1.07500 -0.12990 0.00000
-1.02500 -0.12990 0.00000
-0.97500 -0.12990 0.00000
-0.92500 -0.12990 0.00000
-0.87500 -0.12990 0.00000
-0.82500 -0.12990 0.00000
-0.77500 -0.12990 0.00000
-0.72500 -0.12990 0.00000
-0.67500 -0.12990 0.00000
-0.62500 -0.12990 0.00000
-0.57500 -0.12990 0.00000
-0.52500 -0.12990 0.00000
-0.47500 -0.12990 0.00000
-0.42500 -0.12990 0.00000
-0.37500 -0.12990 0.00000
-0.32500 -0.12990 0.00000
-0.27500 -0.12990 0.00000
-0.22500 -0.12990 0.00000
-0.17500 -0.12990 0.00000
-0.12500 -0.12990 0.00000
-0.07500 -0.12990 0.00000
-0.02500 -0.12990 0.00000
0.02500 -0.12990 0.00000
0.07500 -0.12990 0.00000
0.12500 -0.12990 0.00000
0.17500 -0.12990 0.00000
0.22500 -0.12990 0.00000
0.27500 -0.12990 0.00000
0.32500 -0.12990 0.00000
0.37500 -0.12990 0.00000
0.42500 -0.12990 0.00000
0.47500 -0.12990 0.00000
0.52500 -0.12990 0.00000
0.57500 -0.12990 0.00000
0.62500 -0.12990 1.00000
0.67500 -0.12990 3.00000
0.72500 -0.12990 4.00000
0.77500 -0.12990 2.00000
0.82500 -0.12990 1.00000
0.87500 -0.12990 1.00000
0.92500 -0.12990 0.00000
0.97500 -0.12990 1.00000
1.02500 -0.12990 0.00000
1.07500 -0.12990 3.00000
-1.10000 -0.17321 0.00000
-1.05000 -0.17321 0.00000
-1.00000 -0.17321 0.00000
-0.95000 -0.17321 0.00000
-0.90000 -0.17321 0.00000
-0.85000 -0.17321 0.00000
-0.80000 -0.17321 0.00000
-0.75000 -0.17321 0.00000
-0.70000 -0.17321 0.00000
-0.65000 -0.17321 0.00000
-0.60000 -0.17321 0.00000
-0.55000 -0.17321 0.00000
-0.50000 -0.17321 0.00000
-0.45000 -0.17321 0.00000
-0.40000 -0.17321 0.00000
-0.35000 -0.17321 0.00000
-0.30000 -0.17321 0.00000
-0.25000 -0.17321 0.00000
-0.20000 -0.17321 0.00000
-0.15000 -0.17321 0.00000
-0.10000 -0.17321 0.00000
-0.05000 -0.17321 0.00000
0.00000 -0.17321 0.00000
0.05000 -0.17321 0.00000
0.10000 -0.17321 0.00000
0.15000 -0.17321 0.00000
0.20000 -0.17321 0.00000
0.25000 -0.17321 0.00000
0.30000 -0.17321 0.00000
0.35000 -0.17321 0.00000
0.40000 -0.17321 0.00000
0.45000 -0.17321 0.00000
0.50000 -0.17321 0.00000
0.55000 -0.17321 6.00000
0.60000 -0.17321 19.00000
0.65000 -0.17321 11.00000
0.70000 -0.17321 4.00000
0.75000 -0.17321 7.00000
0.80000 -0.17321 6.00000
0.85000 -0.17321 4.00000
0.90000 -0.17321 6.00000
0.95000 -0.17321 4.00000
1.00000 -0.17321 3.00000
1.05000 -0.17321 2.00000
-1.12500 -0.21651 0.00000
-1.07500 -0.21651 0.00000
-1.02500 -0.21651 0.00000
-0.97500 -0.21651 0.00000
-0.92500 -0.21651 0.00000
-0.87500 -0.21651 0.00000
-0.82500 -0.21651 0.00000
-0.77500 -0.21651 0.00000
-0.72500 -0.21651 0.00000
-0.67500 -0.21651 0.00000
-0.62500 -0.21651 0.00000
-0.57500 -0.21651 0.00000
-0.52500 -0.21651 0.00000
-0.47500 -0.21651 0.00000
-0.42500 -0.21651 0.00000
-0.37500 -0.21651 0.00000
-0.32500 -0.21651 0.00000
-0.27500 -0.21651 0.00000
-0.22500 -0.21651 0.00000
-0.17500 -0.21651 0.00000
-0.12500 -0.21651 0.00000
-0.07500 -0.21651 0.00000
-0.02500 -0.21651 0.00000
0.02500 -0.21651 0.00000
0.07500 -0.21651 0.00000
0.12500 -0.21651 0.00000
0.17500 -0.21651 0.00000
0.22500 -0.21651 0.00000
0.27500 -0.21651 0.00000
0.32500 -0.21651 0.00000
0.37500 -0.21651 0.00000
0.42500 -0.21651 0.00000
0.47500 -0.21651 0.00000
0.52500 -0.21651 0.00000
0.57500 -0.21651 4.00000
0.62500 -0.21651 7.00000
0.67500 -0.21651 8.00000
0.72500 -0.21651 19.00000
0.77500 -0.21651 21.00000
0.82500 -0.21651 14.00000
0.87500 -0.21651 10.00000
0.92500 -0.21651 4.00000
0.97500 -0.21651 9.00000
1.02500 -0.21651 1.00000
-1.15000 -0.25981 0.00000
-1.10000 -0.25981 0.00000
-1.05000 -0.25981 0.00000
-1.00000 -0.25981 0.00000
-0.95000 -0.25981 0.00000
-0.90000 -0.25981 0.00000
-0.85000 -0.25981 0.00000
-0.80000 -0.25981 0.00000
-0.75000 -0.25981 0.00000
-0.70000 -0.25981 0.00000
-0.65000 -0.25981 0.00000
-0.60000 -0.25981 0.00000
-0.55000 -0.25981 0.00000
-0.50000 -0.25981 0.00000
-0.45000 -0.25981 0.00000
-0.40000 -0.25981 0.00000
-0.35000 -0.25981 0.00000
-0.30000 -0.25981 0.00000
-0.25000 -0.25981 0.00000
-0.20000 -0.25981 0.00000
-0.15000 -0.25981 0.00000
-0.10000 -0.25981 0.00000
-0.05000 -0.25981 0.00000
0.00000 -0.25981 0.00000
0.05000 -0.25981 0.00000
0.10000 -0.25981 0.00000
0.15000 -0.25981 0.00000
0.20000 -0.25981 0.00000
0.25000 -0.25981 0.00000
0.30000 -0.25981 0.00000
0.35000 -0.25981 0.00000
0.40000 -0.25981 0.00000
0.45000 -0.25981 0.00000
0.50000 -0.25981 0.00000
0.55000 -0.25981 0.00000
0.60000 -0.25981 0.00000
0.65000 -0.25981 3.00000
0.70000 -0.25981 4.00000
0.75000 -0.25981 6.00000
0.80000 -0.25981 12.00000
0.85000 -0.25981 16.00000
0.90000 -0.25981 16.00000
0.95000 -0.25981 17.00000
1.00000 -0.25981 6.00000
1.05000 -0.25981 4.00000
-1.12500 -0.30311 0.00000
-1.07500 -0.30311 0.00000
-1.02500 -0.30311 0.00000
-0.97500 -0.30311 0.00000
-0.92500 -0.30311 0.00000
-0.87500 -0.30311 0.00000
-0.82500 -0.30311 0.00000
-0.77500 -0.30311 0.00000
-0.72500 -0.30311 0.00000
-0.67500 -0.30311 0.00000
-0.62500 -0.30311 0.00000
-0.57500 -0.30311 0.00000
-0.52500 -0.30311 0.00000
-0.47500 -0.30311 0.00000
-0.42500 -0.30311 0.00000
-0.37500 -0.30311 0.00000
-0.32500 -0.30311 0.00000
-0.27500 -0.30311 0.00000
-0.22500 -0.30311 0.00000
-0.17500 -0.30311 0.00000
-0.12500 -0.30311 0.00000
-0.07500 -0.30311 0.00000
-0.02500 -0.30311 0.00000
0.02500 -0.30311 0.00000
0.07500 -0.30311 0.00000
0.12500 -0.30311 0.00000
0.17500 -0.30311 0.00000
0.22500 -0.30311 0.00000
0.27500 -0.30311 0.00000
0.32500 -0.30311 0.00000
0.37500 -0.30311 0.00000
0.42500 -0.30311 0.00000
0.47500 -0.30311 0.00000
0.52500 -0.30311 0.00000
0.57500 -0.30311 0.00000
0.62500 -0.30311 0.00000
0.67500 -0.30311 0.00000
0.72500 -0.30311 4.00000
0.77500 -0.30311 4.00000
0.82500 -0.30311 4.00000
0.87500 -0.30311 5.00000
0.92500 -0.30311 11.00000
0.97500 -0.30311 9.00000
1.02500 -0.30311 15.00000
-1.05000 -0.34641 0.00000
-1.00000 -0.34641 0.00000
-0.95000 -0.34641 0.00000
-0.90000 -0.34641 0.00000
-0.85000 -0.34641 0.00000
-0.80000 -0.34641 0.00000
-0.75000 -0.34641 0.00000
-0.70000 -0.34641 0.00000
-0.65000 -0.34641 0.00000
-0.60000 -0.34641 0.00000
-0.55000 -0.34641 0.00000
-0.50000 -0.34641 0.00000
-0.45000 -0.34641 0.00000
-0.40000 -0.34641 0.00000
-0.35000 -0.34641 0.00000
-0.30000 -0.34641 0.00000
-0.25000 -0.34641 0.00000
-0.20000 -0.34641 0.00000
-0.15000 -0.34641 0.00000
-0.10000 -0.34641 0.00000
-0.05000 -0.34641 0.00000
0.00000 -0.34641 0.00000
0.05000 -0.34641 0.00000
0.10000 -0.34641 0.00000
0.15000 -0.34641 0.00000
0.20000 -0.34641 0.00000
0.25000 -0.34641 0.00000
0.30000 -0.34641 0.00000
0.35000 -0.34641 0.00000
0.40000 -0.34641 0.00000
0.45000 -0.34641 0.00000
0.50000 -0.34641 0.00000
0.55000 -0.34641 0.00000
0.60000 -0.34641 0.00000
0.65000 -0.34641 0.00000
0.70000 -0.34641 1.00000
0.75000 -0.34641 0.00000
0.80000 -0.34641 1.00000
0.85000 -0.34641 2.00000
0.90000 -0.34641 2.00000
0.95000 -0.34641 2.00000
1.00000 -0.34641 7.00000
-1.02500 -0.38971 0.00000
-0.97500 -0.38971 0.00000
-0.92500 -0.38971 0.00000
-0.87500 -0.38971 0.00000
-0.82500 -0.38971 0.00000
-0.77500 -0.38971 0.00000
-0.72500 -0.38971 0.00000
-0.67500 -0.38971 0.00000
-0.62500 -0.38971 0.00000
-0.57500 -0.38971 0.00000
-0.52500 -0.38971 0.00000
-0.47500 -0.38971 0.00000
-0.42500 -0.38971 0.00000
-0.37500 -0.38971 0.00000
-0.32500 -0.38971 0.00000
-0.27500 -0.38971 0.00000
-0.22500 -0.38971 0.00000
-0.17500 -0.38971 0.00000
-0.12500 -0.38971 0.00000
-0.07500 -0.38971 0.00000
-0.02500 -0.38971 0.00000
0.02500 -0.38971 0.00000
0.07500 -0.38971 0.00000
0.12500 -0.38971 0.00000
0.17500 -0.38971 0.00000
0.22500 -0.38971 0.00000
0.27500 -0.38971 0.00000
0.32500 -0.38971 0.00000
0.37500 -0.38971 0.00000
0.42500 -0.38971 0.00000
0.47500 -0.38971 0.00000
0.52500 -0.38971 0.00000
0.57500 -0.38971 2.00000
0.62500 -0.38971 7.00000
0.67500 -0.38971 3.00000
0.72500 -0.38971 2.00000
0.77500 -0.38971 1.00000
0.82500 -0.38971 1.00000
0.87500 -0.38971 2.00000
0.92500 -0.38971 9.00000
0.97500 -0.38971 3.00000
1.02500 -0.38971 4.00000
-1.05000 -0.43301 0.00000
-1.00000 -0.43301 0.00000
-0.95000 -0.43301 0.00000
-0.90000 -0.43301 0.00000
-0.85000 -0.43301 0.00000
-0.80000 -0.43301 0.00000
-0.75000 -0.43301 0.00000
-0.70000 -0.43301 0.00000
-0.65000 -0.43301 0.00000
-0.60000 -0.43301 0.00000
-0.55000 -0.43301 0.00000
-0.50000 -0.43301 0.00000
-0.45000 -0.43301 0.00000
-0.40000 -0.43301 0.00000
-0.35000 -0.43301 0.00000
-0.30000 -0.43301 0.00000
-0.25000 -0.43301 0.00000
-0.20000 -0.43301 0.00000
-0.15000 -0.43301 0.00000
-0.10000 -0.43301 0.00000
-0.05000 -0.43301 0.00000
0.00000 -0.43301 0.00000
0.05000 -0.43301 0.00000
0.10000 -0.43301 0.00000
0.15000 -0.43301 0.00000
0.20000 -0.43301 0.00000
0.25000 -0.43301 0.00000
0.30000 -0.43301 0.00000
0.35000 -0.43301 0.00000
0.40000 -0.43301 0.00000
0.45000 -0.43301 0.00000
0.50000 -0.43301 0.00000
0.55000 -0.43301 0.00000
0.60000 -0.43301 2.00000
0.65000 -0.43301 15.00000
0.70000 -0.43301 8.00000
0.75000 -0.43301 1.00000
0.80000 -0.43301 3.00000
0.85000 -0.43301 2.00000
0.90000 -0.43301 2.00000
0.95000 -0.43301 2.00000
1.00000 -0.43301 3.00000
-1.07500 -0.47631 0.00000
-1.02500 -0.47631 0.00000
-0.97500 -0.47631 0.00000
-0.92500 -0.47631 0.00000
-0.87500 -0.47631 0.00000
-0.82500 -0.47631 0.00000
-0.77500 -0.47631 0.00000
-0.72500 -0.47631 0.00000
-0.67500 -0.47631 0.00000
-0.62500 -0.47631 0.00000
-0.57500 -0.47631 0.00000
-0.52500 -0.47631 0.00000
-0.47500 -0.47631 0.00000
-0.42500 -0.47631 0.00000
-0.37500 -0.47631 0.00000
-0.32500 -0.47631 0.00000
-0.27500 -0.47631 0.00000
-0.22500 -0.47631 0.00000
-0.17500 -0.47631 0.00000
-0.12500 -0.47631 0.00000
-0.07500 -0.47631 0.00000
-0.02500 -0.47631 0.00000
0.02500 -0.47631 0.00000
0.07500 -0.47631 0.00000
0.12500 -0.47631 0.00000
0.17500 -0.47631 0.00000
0.22500 -0.47631 0.00000
0.27500 -0.47631 0.00000
0.32500 -0.47631 0.00000
0.37500 -0.47631 0.00000
0.42500 -0.47631 0.00000
0.47500 -0.47631 0.00000
0.52500 -0.47631 0.00000
0.57500 -0.47631 0.00000
0.62500 -0.47631 2.00000
0.67500 -0.47631 7.00000
0.72500 -0.47631 11.00000
0.77500 -0.47631 7.00000
0.82500 -0.47631 5.00000
0.87500 -0.47631 2.00000
0.92500 -0.47631 1.00000
0.97500 -0.47631 2.00000
-1.05000 -0.51962 0.00000
-1.00000 -0.51962 0.00000
-0.95000 -0.51962 0.00000
-0.90000 -0.51962 0.00000
-0.85000 -0.51962 0.00000
-0.80000 -0.51962 0.00000
-0.75000 -0.51962 0.00000
-0.70000 -0.51962 0.00000
-0.65000 -0.51962 0.00000
-0.60000 -0.51962 0.00000
-0.55000 -0.51962 0.00000
-0.50000 -0.51962 0.00000
-0.45000 -0.51962 0.00000
-0.40000 -0.51962 0.00000
-0.35000 -0.51962 0.00000
-0.30000 -0.51962 0.00000
-0.25000 -0.51962 0.00000
-0.20000 -0.51962 0.00000
-0.15000 -0.51962 0.00000
-0.10000 -0.51962 0.00000
-0.05000 -0.51962 0.00000
0.00000 -0.51962 0.00000
0.05000 -0.51962 0.00000
0.10000 -0.51962 0.00000
0.15000 -0.51962 0.00000
0.20000 -0.51962 0.00000
0.25000 -0.51962 0.00000
0.30000 -0.51962 0.00000
0.35000 -0.51962 0.00000
0.40000 -0.51962 0.00000
0.45000 -0.51962 0.00000
0.50000 -0.51962 0.00000
0.55000 -0.51962 0.00000
0.60000 -0.51962 0.00000
0.65000 -0.51962 1.00000
0.70000 -0.51962 1.00000
0.75000 -0.51962 5.00000
0.80000 -0.51962 14.00000
0.85000 -0.51962 8.00000
0.90000 -0.51962 2.00000
0.95000 -0.51962 4.00000
1.00000 -0.51962 4.00000
-0.97500 -0.56292 0.00000
-0.92500 -0.56292 0.00000
-0.87500 -0.56292 0.00000
-0.82500 -0.56292 0.00000
-0.77500 -0.56292 0.00000
-0.72500 -0.56292 0.00000
-0.67500 -0.56292 0.00000
-0.62500 -0.56292 0.00000
-0.57500 -0.56292 0.00000
-0.52500 -0.56292 0.00000
-0.47500 -0.56292 0.00000
-0.42500 -0.56292 0.00000
-0.37500 -0.56292 0.00000
-0.32500 -0.56292 0.00000
-0.27500 -0.56292 0.00000
-0.22500 -0.56292 0.00000
-0.17500 -0.56292 0.00000
-0.12500 -0.56292 0.00000
-0.07500 -0.56292 0.00000
-0.02500 -0.56292 0.00000
0.02500 -0.56292 0.00000
0.07500 -0.56292 0.00000
0.12500 -0.56292 0.00000
0.17500 -0.56292 0.00000
0.22500 -0.56292 0.00000
0.27500 -0.56292 0.00000
0.32500 -0.56292 0.00000
0.37500 -0.56292 0.00000
0.42500 -0.56292 0.00000
0.47500 -0.56292 0.00000
0.52500 -0.56292 0.00000
0.57500 -0.56292 0.00000
0.62500 -0.56292 0.00000
0.67500 -0.56292 0.00000
0.72500 -0.56292 1.00000
0.77500 -0.56292 3.00000
0.82500 -0.56292 9.00000
0.87500 -0.56292 23.00000
0.92500 -0.56292 8.00000
0.97500 -0.56292 6.00000
-0.95000 -0.60622 0.00000
-0.90000 -0.60622 0.00000
-0.85000 -0.60622 0.00000
-0.80000 -0.60622 0.00000
-0.75000 -0.60622 0.00000
-0.70000 -0.60622 0.00000
-0.65000 -0.60622 0.00000
-0.60000 -0.60622 0.00000
-0.55000 -0.60622 0.00000
-0.50000 -0.60622 0.00000
-0.45000 -0.60622 0.00000
-0.40000 -0.60622 0.00000
-0.35000 -0.60622 0.00000
-0.30000 -0.60622 0.00000
-0.25000 -0.60622 0.00000
-0.20000 -0.60622 0.00000
-0.15000 -0.60622 0.00000
-0.10000 -0.60622 0.00000
-0.05000 -0.60622 0.00000
0.00000 -0.60622 0.00000
0.05000 -0.60622 0.00000
0.10000 -0.60622 0.00000
0.15000 -0.60622 0.00000
0.20000 -0.60622 0.00000
0.25000 -0.60622 0.00000
0.30000 -0.60622 5.00000
0.35000 -0.60622 1.00000
0.40000 -0.60622 1.00000
0.45000 -0.60622 0.00000
0.50000 -0.60622 0.00000
0.55000 -0.60622 0.00000
0.60000 -0.60622 0.00000
0.65000 -0.60622 0.00000
0.70000 -0.60622 1.00000
0.75000 -0.60622 1.00000
0.80000 -0.60622 5.00000
0.85000 -0.60622 6.00000
0.90000 -0.60622 6.00000
0.95000 -0.60622 14.00000
-0.87500 -0.64952 0.00000
-0.82500 -0.64952 0.00000
-0.77500 -0.64952 0.00000
-0.72500 -0.64952 0.00000
-0.67500 -0.64952 0.00000
-0.62500 -0.64952 0.00000
-0.57500 -0.64952 0.00000
-0.52500 -0.64952 0.00000
-0.47500 -0.64952 0.00000
-0.42500 -0.64952 0.00000
-0.37500 -0.64952 0.00000
-0.32500 -0.64952 0.00000
-0.27500 -0.64952 0.00000
-0.22500 -0.64952 0.00000
-0.17500 -0.64952 0.00000
-0.12500 -0.64952 0.00000
-0.07500 -0.64952 0.00000
-0.02500 -0.64952 0.00000
0.02500 -0.64952 0.00000
0.07500 -0.64952 0.00000
0.12500 -0.64952 0.00000
0.17500 -0.64952 0.00000
0.22500 -0.64952 0.00000
0.27500 -0.64952 1.00000
0.32500 -0.64952 14.00000
0.37500 -0.64952 3.00000
0.42500 -0.64952 0.00000
0.47500 -0.64952 0.00000
0.52500 -0.64952 0.00000
0.57500 -0.64952 0.00000
0.62500 -0.64952 0.00000
0.67500 -0.64952 0.00000
0.72500 -0.64952 0.00000
0.77500 -0.64952 1.00000
0.82500 -0.64952 4.00000
0.87500 -0.64952 5.00000
0.92500 -0.64952 7.00000
0.97500 -0.64952 22.00000
-0.85000 -0.69282 0.00000
-0.80000 -0.69282 0.00000
-0.75000 -0.69282 0.00000
-0.70000 -0.69282 0.00000
-0.65000 -0.69282 0.00000
-0.60000 -0.69282 0.00000
-0.55000 -0.69282 0.00000
-0.50000 -0.69282 0.00000
-0.45000 -0.69282 0.00000
-0.40000 -0.69282 0.00000
-0.35000 -0.69282 0.00000
-0.30000 -0.69282 0.00000
-0.25000 -0.69282 0.00000
-0.20000 -0.69282 0.00000
-0.15000 -0.69282 0.00000
-0.10000 -0.69282 0.00000
-0.05000 -0.69282 0.00000
0.00000 -0.69282 0.00000
0.05000 -0.69282 0.00000
0.10000 -0.69282 0.00000
0.15000 -0.69282 0.00000
0.20000 -0.69282 0.00000
0.25000 -0.69282 0.00000
0.30000 -0.69282 4.00000
0.35000 -0.69282 13.00000
0.40000 -0.69282 6.00000
0.45000 -0.69282 0.00000
0.50000 -0.69282 0.00000
0.55000 -0.69282 0.00000
0.60000 -0.69282 0.00000
0.65000 -0.69282 0.00000
0.70000 -0.69282 0.00000
0.75000 -0.69282 0.00000
0.80000 -0.69282 1.00000
0.85000 -0.69282 1.00000
0.90000 -0.69282 3.00000
0.95000 -0.69282 6.00000
-0.77500 -0.73612 0.00000
-0.72500 -0.73612 0.00000
-0.67500 -0.73612 0.00000
-0.62500 -0.73612 0.00000
-0.57500 -0.73612 0.00000
-0.52500 -0.73612 0.00000
-0.47500 -0.73612 0.00000
-0.42500 -0.73612 0.00000
-0.37500 -0.73612 0.00000
-0.32500 -0.73612 0.00000
-0.27500 -0.73612 0.00000
-0.22500 -0.73612 0.00000
-0.17500 -0.73612 0.00000
-0.12500 -0.73612 0.00000
-0.07500 -0.73612 0.00000
-0.02500 -0.73612 0.00000
0.02500 -0.73612 0.00000
0.07500 -0.73612 0.00000
0.12500 -0.73612 0.00000
0.17500 -0.73612 0.00000
0.22500 -0.73612 0.00000
0.27500 -0.73612 2.00000
0.32500 -0.73612 5.00000
0.37500 -0.73612 10.00000
0.42500 -0.73612 3.00000
0.47500 -0.73612 0.00000
0.52500 -0.73612 0.00000
0.57500 -0.73612 0.00000
0.62500 -0.73612 0.00000
0.67500 -0.73612 0.00000
0.72500 -0.73612 0.00000
0.77500 -0.73612 0.00000
0.82500 -0.73612 0.00000
-0.75000 -0.77942 0.00000
-0.70000 -0.77942 0.00000
-0.65000 -0.77942 0.00000
-0.60000 -0.77942 0.00000
-0.55000 -0.77942 0.00000
-0.50000 -0.77942 0.00000
-0.45000 -0.77942 0.00000
-0.40000 -0.77942 0.00000
-0.35000 -0.77942 0.00000
-0.30000 -0.77942 0.00000
-0.25000 -0.77942 0.00000
-0.20000 -0.77942 0.00000
-0.15000 -0.77942 0.00000
-0.10000 -0.77942 0.00000
-0.05000 -0.77942 0.00000
0.00000 -0.77942 0.00000
0.05000 -0.77942 0.00000
0.10000 -0.77942 0.00000
0.15000 -0.77942 0.00000
0.20000 -0.77942 0.00000
0.25000 -0.77942 0.00000
0.30000 -0.77942 0.00000
0.35000 -0.77942 4.00000
0.40000 -0.77942 16.00000
0.45000 -0.77942 6.00000
0.50000 -0.77942 1.00000
0.55000 -0.77942 0.00000
0.60000 -0.77942 0.00000
0.65000 -0.77942 0.00000
0.70000 -0.77942 0.00000
0.75000 -0.77942 0.00000
0.80000 -0.77942 0.00000
-0.67500 -0.82272 0.00000
-0.62500 -0.82272 0.00000
-0.57500 -0.82272 0.00000
-0.52500 -0.82272 0.00000
-0.47500 -0.82272 0.00000
-0.42500 -0.82272 0.00000
-0.37500 -0.82272 6.00000
-0.32500 -0.82272 0.00000
-0.27500 -0.82272 0.00000
-0.22500 -0.82272 0.00000
-0.17500 -0.82272 0.00000
-0.12500 -0.82272 0.00000
-0.07500 -0.82272 0.00000
-0.02500 -0.82272 0.00000
0.02500 -0.82272 0.00000
0.07500 -0.82272 0.00000
0.12500 -0.82272 0.00000
0.17500 -0.82272 0.00000
0.22500 -0.82272 0.00000
0.27500 -0.82272 0.00000
0.32500 -0.82272 0.00000
0.37500 -0.82272 5.00000
0.42500 -0.82272 9.00000
0.47500 -0.82272 3.00000
0.52500 -0.82272 1.00000
0.57500 -0.82272 2.00000
0.62500 -0.82272 0.00000
0.67500 -0.82272 0.00000
0.72500 -0.82272 0.00000
0.77500 -0.82272 0.00000
0.82500 -0.82272 0.00000
-0.65000 -0.86603 0.00000
-0.60000 -0.86603 0.00000
-0.55000 -0.86603 0.00000
-0.50000 -0.86603 0.00000
-0.45000 -0.86603 3.00000
-0.40000 -0.86603 10.00000
-0.35000 -0.86603 1.00000
-0.30000 -0.86603 0.00000
-0.25000 -0.86603 0.00000
-0.20000 -0.86603 0.00000
-0.15000 -0.86603 0.00000
-0.10000 -0.86603 0.00000
-0.05000 -0.86603 0.00000
0.00000 -0.86603 0.00000
0.05000 -0.86603 0.00000
0.10000 -0.86603 0.00000
0.15000 -0.86603 0.00000
0.20000 -0.86603 0.00000
0.25000 -0.86603 0.00000
0.30000 -0.86603 1.00000
0.35000 -0.86603 1.00000
0.40000 -0.86603 13.00000
0.45000 -0.86603 16.00000
0.50000 -0.86603 4.00000
0.55000 -0.86603 0.00000
0.60000 -0.86603 2.00000
0.65000 -0.86603 0.00000
0.70000 -0.86603 0.00000
0.75000 -0.86603 0.00000
0.80000 -0.86603 0.00000
-0.57500 -0.90933 0.00000
-0.52500 -0.90933 0.00000
-0.47500 -0.90933 0.00000
-0.42500 -0.90933 11.00000
-0.37500 -0.90933 5.00000
-0.32500 -0.90933 0.00000
-0.27500 -0.90933 0.00000
-0.22500 -0.90933 0.00000
-0.17500 -0.90933 0.00000
-0.12500 -0.90933 0.00000
-0.07500 -0.90933 0.00000
-0.02500 -0.90933 0.00000
0.02500 -0.90933 0.00000
0.07500 -0.90933 0.00000
0.12500 -0.90933 0.00000
0.17500 -0.90933 0.00000
0.22500 -0.90933 0.00000
0.27500 -0.90933 1.00000
0.32500 -0.90933 1.00000
0.37500 -0.90933 5.00000
0.42500 -0.90933 12.00000
0.47500 -0.90933 15.00000
0.52500 -0.90933 1.00000
0.57500 -0.90933 9.00000
0.62500 -0.90933 3.00000
0.67500 -0.90933 0.00000
-0.55000 -0.95263 1.00000
-0.50000 -0.95263 1.00000
-0.45000 -0.95263 8.00000
-0.40000 -0.95263 8.00000
-0.35000 -0.95263 0.00000
-0.30000 -0.95263 0.00000
-0.25000 -0.95263 0.00000
-0.20000 -0.95263 0.00000
-0.15000 -0.95263 0.00000
-0.10000 -0.95263 0.00000
-0.05000 -0.95263 0.00000
0.00000 -0.95263 0.00000
0.05000 -0.95263 0.00000
0.10000 -0.95263 0.00000
0.15000 -0.95263 0.00000
0.20000 -0.95263 0.00000
0.25000 -0.95263 0.00000
0.30000 -0.95263 1.00000
0.35000 -0.95263 3.00000
0.40000 -0.95263 5.00000
0.45000 -0.95263 10.00000
0.50000 -0.95263 20.00000
0.55000 -0.95263 11.00000
-0.47500 -0.99593 5.00000
-0.42500 -0.99593 8.00000
-0.37500 -0.99593 0.00000
-0.32500 -0.99593 0.00000
-0.27500 -0.99593 0.00000
-0.22500 -0.99593 0.00000
-0.17500 -0.99593 0.00000
-0.12500 -0.99593 0.00000
-0.07500 -0.99593 0.00000
-0.02500 -0.99593 0.00000
0.02500 -0.99593 0.00000
0.07500 -0.99593 0.00000
0.12500 -0.99593 0.00000
0.17500 -0.99593 0.00000
0.22500 -0.99593 0.00000
0.27500 -0.99593 0.00000
0.32500 -0.99593 2.00000
0.37500 -0.99593 2.00000
0.42500 -0.99593 11.00000
-0.45000 -1.03923 15.00000
-0.40000 -1.03923 3.00000
-0.35000 -1.03923 1.00000
-0.30000 -1.03923 0.00000
-0.25000 -1.03923 0.00000
-0.20000 -1.03923 0.00000
-0.15000 -1.03923 0.00000
-0.10000 -1.03923 0.00000
-0.05000 -1.03923 0.00000
0.00000 -1.03923 0.00000
0.05000 -1.03923 0.00000
0.10000 -1.03923 0.00000
0.15000 -1.03923 0.00000
0.20000 -1.03923 0.00000
0.25000 -1.03923 0.00000
0.30000 -1.03923 0.00000
-0.37500 -1.08253 0.00000
-0.32500 -1.08253 0.00000
-0.27500 -1.08253 0.00000
-0.22500 -1.08253 0.00000
-0.17500 -1.08253 0.00000
-0.12500 -1.08253 0.00000
-0.07500 -1.08253 0.00000
-0.02500 -1.08253 0.00000
0.02500 -1.08253 0.00000
0.07500 -1.08253 0.00000
0.12500 -1.08253 0.00000
0.17500 -1.08253 0.00000
-0.35000 -1.12583 0.00000
-0.30000 -1.12583 0.00000
-0.15000 -1.12583 0.00000
-0.10000 -1.12583 0.00000
-0.05000 -1.12583 0.00000
0.00000 -1.12583 0.00000
0.05000 -1.12583 0.00000
-0.12500 -1.16913 0.00000
-0.07500 -1.16913 0.00000
